3
120
7
1.500000
1.200000
0.133709 0.800752 0.467795 1.134838 0.801881 1.468924 1.135966 1.803009 1.470052 2.137095 1.804138 2.471181 2.138223 2.805266 2.472309 2.139352 2.806395 2.473438 3.140480 2.807523 3.474566 3.141609 3.808652 3.475694 4.142737 3.809780 4.476823 4.143866 4.810909 4.477951 4.144994 4.812037 4.479080 5.146123 4.813166 5.480208 5.147251 5.814294 5.481337 6.148380 5.815422 6.482465 6.149508 6.816551 6.483594 6.150637 6.817679 6.484722 7.151765 6.818808 7.485851 7.152894 7.819936 7.486979 8.154022 7.821065 8.488108 8.155150 8.822193 8.489236 8.156279 8.823322 8.490365 9.157407 8.824450 9.491493 9.158536 9.825579 9.492622 10.159664 9.826707 10.493750 10.160793 10.827836 10.494878 10.161921 10.828964 10.496007 11.163050 10.830093 11.497135 11.164178 11.831221 11.498264 12.165307 11.832350 12.499392 12.166435 12.833478 12.500521 12.167564 12.834606 12.501649 13.168692 12.835735 13.502778 13.169821 13.836863 13.503906 14.170949 13.837992 14.505035 14.172078 14.839120 14.506163 14.173206 14.840249 14.507292 15.174334 14.841377 15.508420 15.175463 15.842506 15.509549 16.176591 15.843634 16.510677 16.177720 16.844763 16.511806 
0.135799 0.813264 0.490729 1.168194 0.845660 1.523125 1.200590 1.878056 1.555521 2.232986 1.910451 2.587917 2.265382 1.942847 2.620313 2.297778 2.975243 2.652708 3.330174 3.007639 3.685104 3.362569 4.040035 3.717500 3.394965 4.072431 3.749896 4.427361 4.104826 4.782292 4.459757 5.137222 4.814687 5.492153 5.169618 5.847083 5.524549 5.202014 5.879479 5.556944 6.234410 5.911875 6.589340 6.266806 6.944271 6.621736 7.299201 6.976667 6.654132 7.331597 7.009062 7.686528 7.363993 8.041458 7.718924 8.396389 8.073854 8.751319 8.428785 9.106250 8.783715 8.461181 9.138646 8.816111 9.493576 9.171042 9.848507 9.525972 10.203437 9.880903 10.558368 10.235833 9.913299 10.590764 10.268229 10.945694 10.623160 11.300625 10.978090 11.655556 11.333021 12.010486 11.687951 12.365417 12.042882 11.720347 12.397813 12.075278 12.752743 12.430208 13.107674 12.785139 13.462604 13.140069 13.817535 13.495000 13.172465 13.849931 13.527396 14.204861 13.882326 14.559792 14.237257 14.914722 14.592188 15.269653 14.947118 15.624583 15.302049 14.979514 15.656979 15.334444 16.011910 15.689375 16.366840 16.044306 16.721771 16.399236 17.076701 16.754167 
0.137888 0.825775 0.513663 1.201551 0.889439 1.577326 1.265214 1.953102 1.640990 2.328877 2.016765 1.704653 2.392541 2.080428 2.768316 2.456204 3.144091 2.831979 3.519867 3.207755 2.895642 3.583530 3.271418 3.959306 3.647193 4.335081 4.022969 4.710856 4.398744 5.086632 4.774520 4.462407 5.150295 4.838183 5.526071 5.213958 5.901846 5.589734 6.277622 5.965509 5.653397 6.341285 6.029172 6.717060 6.404948 7.092836 6.780723 7.468611 7.156499 7.844387 7.532274 7.220162 7.908050 7.595937 8.283825 7.971713 8.659601 8.347488 9.035376 8.723264 8.411152 9.099039 8.786927 9.474815 9.162703 9.850590 9.538478 10.226366 9.914253 10.602141 10.290029 9.977917 10.665804 10.353692 11.041580 10.729468 11.417355 11.105243 11.793131 11.481019 11.168906 11.856794 11.544682 12.232569 11.920457 12.608345 12.296233 12.984120 12.672008 13.359896 13.047784 12.735671 13.423559 13.111447 13.799334 13.487222 14.175110 13.862998 14.550885 14.238773 13.926661 14.614549 14.302436 14.990324 14.678212 15.366100 15.053987 15.741875 15.429763 16.117650 15.805538 15.493426 16.181314 15.869201 16.557089 16.244977 16.932865 16.620752 17.308640 16.996528 
0.139977 0.838287 0.536597 1.234907 0.933218 1.631528 1.329838 2.028148 1.726458 1.424769 2.123079 1.821389 2.519699 2.218009 2.916319 2.614630 3.312940 3.011250 2.709560 3.407870 3.106181 3.804491 3.502801 4.201111 3.899421 4.597731 4.296042 3.994352 4.692662 4.390972 5.089282 4.787593 5.485903 5.184213 5.882523 5.580833 5.279144 5.977454 5.675764 6.374074 6.072384 6.770694 6.469005 6.167315 6.865625 6.563935 7.262245 6.960556 7.658866 7.357176 8.055486 7.753796 7.452106 8.150417 7.848727 8.547037 8.245347 8.943657 8.641968 9.340278 9.038588 8.736898 9.435208 9.133519 9.831829 9.530139 10.228449 9.926759 10.625069 10.323380 10.021690 10.720000 10.418310 11.116620 10.814931 11.513241 11.211551 11.909861 11.608171 11.306481 12.004792 11.703102 12.401412 12.099722 12.798032 12.496343 12.194653 12.892963 12.591273 13.289583 12.987894 13.686204 13.384514 14.082824 13.781134 13.479444 14.177755 13.876065 14.574375 14.272685 14.970995 14.669306 15.367616 15.065926 14.764236 15.462546 15.160856 15.859167 15.557477 16.255787 15.954097 16.652407 16.350718 16.049028 16.747338 16.445648 17.143958 16.842269 17.540579 17.238889 
0.142066 0.850799 0.559531 1.268264 0.976997 1.685729 1.394462 2.103194 1.811927 1.520660 2.229392 1.938125 2.646858 2.355590 3.064323 2.773056 2.481788 3.190521 2.899253 3.607986 3.316719 4.025451 3.734184 3.442917 4.151649 3.860382 4.569115 4.277847 4.986580 4.695312 4.404045 5.112778 4.821510 5.530243 5.238976 5.947708 5.656441 6.365174 6.073906 5.782639 6.491372 6.200104 6.908837 6.617569 7.326302 7.035035 6.743767 7.452500 7.161233 7.869965 7.578698 8.287431 7.996163 7.704896 8.413628 8.122361 8.831094 8.539826 9.248559 8.957292 8.666024 9.374757 9.083490 9.792222 9.500955 10.209688 9.918420 10.627153 10.335885 10.044618 10.753351 10.462083 11.170816 10.879549 11.588281 11.297014 11.005747 11.714479 11.423212 12.131944 11.840677 12.549410 12.258142 11.966875 12.675608 12.384340 13.093073 12.801806 13.510538 13.219271 12.928003 13.636736 13.345469 14.054201 13.762934 14.471667 14.180399 14.889132 14.597865 14.306597 15.015330 14.724062 15.432795 15.141528 15.850260 15.558993 15.267726 15.976458 15.685191 16.393924 16.102656 16.811389 16.520122 16.228854 16.937587 16.646319 17.355052 17.063785 17.772517 17.481250 
0.144155 0.863310 0.582465 1.301620 1.020775 1.739931 1.459086 1.178241 1.897396 1.616551 2.335706 2.054861 2.774016 2.493171 2.212326 2.931481 2.650637 3.369792 3.088947 3.808102 3.527257 3.246412 3.965567 3.684722 4.403877 4.123032 4.842187 4.561343 4.280498 4.999653 4.718808 5.437963 5.157118 5.876273 5.595428 5.314583 6.033738 5.752894 6.472049 6.191204 5.910359 6.629514 6.348669 7.067824 6.786979 7.506134 7.225289 6.944444 7.663600 7.382755 8.101910 7.821065 8.540220 8.259375 7.978530 8.697685 8.416840 9.135995 8.855150 9.574306 9.293461 9.012616 9.731771 9.450926 10.170081 9.889236 10.608391 10.327546 10.046701 10.765856 10.485012 11.204167 10.923322 11.642477 11.361632 11.080787 11.799942 11.519097 12.238252 11.957407 11.676563 12.395718 12.114873 12.834028 12.553183 13.272338 12.991493 12.710648 13.429803 13.148958 13.868113 13.587269 14.306424 14.025579 13.744734 14.463889 14.183044 14.902199 14.621354 15.340509 15.059664 14.778819 15.497975 15.217130 15.936285 15.655440 16.374595 16.093750 15.812905 16.532060 16.251215 16.970370 16.689525 17.408681 17.127836 16.846991 17.566146 17.285301 18.004456 17.723611 
0.146244 0.875822 0.605399 1.334977 1.064554 1.794132 1.523709 1.253287 1.982865 1.712442 2.442020 2.171597 1.901175 2.630752 2.360330 3.089907 2.819485 3.549062 3.278640 3.008218 3.737795 3.467373 4.196950 3.926528 3.656105 4.385683 4.115260 4.844838 4.574416 5.303993 5.033571 4.763148 5.492726 5.222303 5.951881 5.681458 5.411036 6.140613 5.870191 6.599769 6.329346 7.058924 6.788501 6.518079 7.247656 6.977234 7.706811 7.436389 7.165966 7.895544 7.625122 8.354699 8.084277 8.813854 8.543432 8.273009 9.002587 8.732164 9.461742 9.191319 8.920897 9.650475 9.380052 10.109630 9.839207 10.568785 10.298362 10.027940 10.757517 10.487095 11.216672 10.946250 10.675828 11.405405 11.134983 11.864560 11.594138 12.323715 12.053293 11.782870 12.512448 12.242025 12.971603 12.701181 12.430758 13.160336 12.889913 13.619491 13.349068 14.078646 13.808223 13.537801 14.267378 13.996956 14.726534 14.456111 14.185689 14.915266 14.644844 15.374421 15.103999 15.833576 15.563154 15.292731 16.022309 15.751887 16.481464 16.211042 15.940619 16.670197 16.399774 17.129352 16.858929 17.588507 17.318084 17.047662 17.777240 17.506817 18.236395 17.965972 
64.000000 65.000000 66.000000 67.000000 68.000000 69.000000 70.000000 
0.002083 0.004167 0.006250 0.008333 0.010417 0.012500 0.014583 0.016667 0.018750 0.020833 0.022917 0.025000 0.027083 0.029167 0.031250 0.033333 0.035417 0.037500 0.039583 0.041667 0.043750 0.045833 0.047917 0.050000 0.052083 0.054167 0.056250 0.058333 0.060417 0.062500 0.064583 0.066667 0.068750 0.070833 0.072917 0.075000 0.077083 0.079167 0.081250 0.083333 0.085417 0.087500 0.089583 0.091667 0.093750 0.095833 0.097917 0.100000 0.102083 0.104167 0.106250 0.108333 0.110417 0.112500 0.114583 0.116667 0.118750 0.120833 0.122917 0.125000 0.127083 0.129167 0.131250 0.133333 0.135417 0.137500 0.139583 0.141667 0.143750 0.145833 0.147917 0.150000 0.152083 0.154167 0.156250 0.158333 0.160417 0.162500 0.164583 0.166667 0.168750 0.170833 0.172917 0.175000 0.177083 0.179167 0.181250 0.183333 0.185417 0.187500 0.189583 0.191667 0.193750 0.195833 0.197917 0.200000 0.202083 0.204167 0.206250 0.208333 0.210417 0.212500 0.214583 0.216667 0.218750 0.220833 0.222917 0.225000 0.227083 0.229167 0.231250 0.233333 0.235417 0.237500 0.239583 0.241667 0.243750 0.245833 0.247917 0.250000 
0.270833 0.275000 0.279167 0.283333 0.287500 0.291667 0.295833 
0.001389 0.002778 0.004167 0.005556 0.006944 0.008333 0.009722 0.011111 0.012500 0.013889 0.015278 0.016667 0.018056 0.019444 0.020833 0.022222 0.023611 0.025000 0.026389 0.027778 0.029167 0.030556 0.031944 0.033333 0.034722 0.036111 0.037500 0.038889 0.040278 0.041667 0.043056 0.044444 0.045833 0.047222 0.048611 0.050000 0.051389 0.052778 0.054167 0.055556 0.056944 0.058333 0.059722 0.061111 0.062500 0.063889 0.065278 0.066667 0.068056 0.069444 0.070833 0.072222 0.073611 0.075000 0.076389 0.077778 0.079167 0.080556 0.081944 0.083333 0.084722 0.086111 0.087500 0.088889 0.090278 0.091667 0.093056 0.094444 0.095833 0.097222 0.098611 0.100000 0.101389 0.102778 0.104167 0.105556 0.106944 0.108333 0.109722 0.111111 0.112500 0.113889 0.115278 0.116667 0.118056 0.119444 0.120833 0.122222 0.123611 0.125000 0.126389 0.127778 0.129167 0.130556 0.131944 0.133333 0.134722 0.136111 0.137500 0.138889 0.140278 0.141667 0.143056 0.144444 0.145833 0.147222 0.148611 0.150000 0.151389 0.152778 0.154167 0.155556 0.156944 0.158333 0.159722 0.161111 0.162500 0.163889 0.165278 0.166667 
0.000000 0.000000 0.000000 0.000000 0.000000 0.000000 0.000000 
1.505041 9.009665 9.726789 10.943913 12.286037 13.678161 15.095285 16.701159 17.967033 19.632907 20.863781 22.799655 23.773029 25.675152 27.134776 28.149400 29.914024 31.503648 32.998272 34.716646 35.460020 37.618394 39.181768 40.665142 41.316016 43.570640 45.157764 46.644888 48.077012 49.669136 50.106260 52.792134 53.968008 55.663882 57.114756 58.585630 59.804004 61.796128 63.165752 64.540376 64.765000 67.894624 69.119248 70.807622 72.170996 73.244370 75.212744 76.786118 77.406992 79.811616 80.948740 82.675864 84.197988 85.760112 87.097236 88.628110 89.998984 91.664858 93.145732 94.501606 94.094980 98.187104 99.466728 100.871352 102.155976 103.755600 105.210224 106.928598 108.261972 109.860346 111.053720 112.877094 113.527968 115.902592 117.399716 118.376840 120.288964 121.881088 123.188212 124.794086 124.949960 127.995834 129.446708 130.892582 132.045956 133.798080 135.497704 136.872328 138.186952 139.896576 140.371200 143.019573 144.382947 145.891321 147.454695 148.813069 149.618943 152.023567 153.430691 154.917815 155.779939 157.972063 159.309187 161.185061 162.240935 163.471809 165.477683 167.013557 168.076931 169.889055 171.138679 172.903303 174.187927 175.987551 177.212175 178.705549 180.173923 181.592297 182.885671 183.679045 
0.067708 0.068750 0.069792 0.070833 0.071875 0.072917 0.073958 
0.000926 0.001852 0.002778 0.003704 0.004630 0.005556 0.006481 0.007407 0.008333 0.009259 0.010185 0.011111 0.012037 0.012963 0.013889 0.014815 0.015741 0.016667 0.017593 0.018519 0.019444 0.020370 0.021296 0.022222 0.023148 0.024074 0.025000 0.025926 0.026852 0.027778 0.028704 0.029630 0.030556 0.031481 0.032407 0.033333 0.034259 0.035185 0.036111 0.037037 0.037963 0.038889 0.039815 0.040741 0.041667 0.042593 0.043519 0.044444 0.045370 0.046296 0.047222 0.048148 0.049074 0.050000 0.050926 0.051852 0.052778 0.053704 0.054630 0.055556 0.056481 0.057407 0.058333 0.059259 0.060185 0.061111 0.062037 0.062963 0.063889 0.064815 0.065741 0.066667 0.067593 0.068519 0.069444 0.070370 0.071296 0.072222 0.073148 0.074074 0.075000 0.075926 0.076852 0.077778 0.078704 0.079630 0.080556 0.081481 0.082407 0.083333 0.084259 0.085185 0.086111 0.087037 0.087963 0.088889 0.089815 0.090741 0.091667 0.092593 0.093519 0.094444 0.095370 0.096296 0.097222 0.098148 0.099074 0.100000 0.100926 0.101852 0.102778 0.103704 0.104630 0.105556 0.106481 0.107407 0.108333 0.109259 0.110185 0.111111 
