3
120
8
1.500000
1.200000
0.083571 0.500475 0.917378 0.334282 0.751186 1.168090 0.584994 1.001898 1.418802 0.835706 1.252610 1.669514 1.086418 1.503322 1.920226 1.337130 1.754034 2.170937 1.587841 2.004745 2.421649 1.838553 2.255457 2.672361 2.089265 2.506169 2.923073 2.339977 2.756881 3.173785 2.590689 3.007593 3.424497 2.841400 3.258304 3.675208 3.092112 3.509016 3.925920 3.342824 3.759728 4.176632 3.593536 4.010440 4.427344 3.844248 4.261152 4.678056 4.094959 4.511863 4.928767 4.345671 4.762575 5.179479 4.596383 5.013287 5.430191 4.847095 5.263999 5.680903 5.097807 5.514711 5.931615 5.348519 5.765422 6.182326 5.599230 6.016134 6.433038 5.849942 6.266846 6.683750 6.100654 6.517558 6.934462 6.351366 6.768270 7.185174 6.602078 7.018981 7.435885 6.852789 7.269693 7.686597 7.103501 7.520405 7.937309 7.354213 7.771117 8.188021 7.604925 8.021829 8.438733 7.855637 8.272541 8.689444 8.106348 8.523252 8.940156 8.357060 8.773964 9.190868 8.607772 9.024676 9.441580 8.858484 9.275388 9.692292 9.109196 9.526100 9.943003 9.359907 9.776811 10.193715 9.610619 10.027523 10.444427 9.861331 10.278235 10.695139 
0.085660 0.512986 0.940313 0.367639 0.794965 1.222292 0.649618 1.076944 1.504271 0.931597 1.358924 1.786250 1.213576 1.640903 2.068229 1.495556 1.922882 2.350208 1.777535 2.204861 2.632187 2.059514 2.486840 2.914167 2.341493 2.768819 3.196146 2.623472 3.050799 3.478125 2.905451 3.332778 3.760104 3.187431 3.614757 4.042083 3.469410 3.896736 4.324063 3.751389 4.178715 3.606042 4.033368 4.460694 3.888021 4.315347 4.742674 4.170000 4.597326 5.024653 4.451979 4.879306 5.306632 4.733958 5.161285 5.588611 5.015937 5.443264 5.870590 5.297917 5.725243 6.152569 5.579896 6.007222 6.434549 5.861875 6.289201 6.716528 6.143854 6.571181 6.998507 6.425833 6.853160 7.280486 6.707813 7.135139 7.562465 6.989792 7.417118 7.844444 7.271771 7.699097 7.126424 7.553750 7.981076 7.408403 7.835729 8.263056 7.690382 8.117708 8.545035 7.972361 8.399688 8.827014 8.254340 8.681667 9.108993 8.536319 8.963646 9.390972 8.818299 9.245625 9.672951 9.100278 9.527604 9.954931 9.382257 9.809583 10.236910 9.664236 10.091563 10.518889 9.946215 10.373542 10.800868 10.228194 10.655521 11.082847 10.510174 10.937500 
0.087749 0.525498 0.963247 0.400995 0.838744 1.276493 0.714242 1.151991 1.589740 1.027488 1.465237 1.902986 1.340735 1.778484 2.216233 1.653981 2.091730 2.529479 1.967228 2.404977 1.842726 2.280475 2.718223 2.155972 2.593721 3.031470 2.469219 2.906968 3.344716 2.782465 3.220214 3.657963 3.095712 3.533461 3.971209 3.408958 3.846707 4.284456 3.722205 4.159954 3.597703 4.035451 4.473200 3.910949 4.348698 4.786447 4.224196 4.661944 5.099693 4.537442 4.975191 5.412940 4.850689 5.288438 5.726186 5.163935 5.601684 6.039433 5.477182 5.914931 5.352679 5.790428 6.228177 5.665926 6.103675 6.541424 5.979172 6.416921 6.854670 6.292419 6.730168 7.167917 6.605666 7.043414 7.481163 6.918912 7.356661 7.794410 7.232159 7.669907 7.107656 7.545405 7.983154 7.420903 7.858652 8.296400 7.734149 8.171898 8.609647 8.047396 8.485145 8.922894 8.360642 8.798391 9.236140 8.673889 9.111638 9.549387 8.987135 9.424884 8.862633 9.300382 9.738131 9.175880 9.613628 10.051377 9.489126 9.926875 10.364624 9.802373 10.240122 10.677870 10.115619 10.553368 10.991117 10.428866 10.866615 11.304363 10.742112 11.179861 
0.089838 0.538009 0.986181 0.434352 0.882523 1.330694 0.778866 1.227037 1.675208 1.123380 1.571551 2.019722 1.467894 1.916065 1.364236 1.812407 2.260579 1.708750 2.156921 2.605093 2.053264 2.501435 2.949606 2.397778 2.845949 3.294120 2.742292 3.190463 2.638634 3.086806 3.534977 2.983148 3.431319 3.879491 3.327662 3.775833 4.224005 3.672176 4.120347 4.568519 4.016690 4.464861 3.913032 4.361204 4.809375 4.257546 4.705718 5.153889 4.602060 5.050231 5.498403 4.946574 5.394745 5.842917 5.291088 5.739259 5.187431 5.635602 6.083773 5.531944 5.980116 6.428287 5.876458 6.324630 6.772801 6.220972 6.669144 6.117315 6.565486 7.013657 6.461829 6.910000 7.358171 6.806343 7.254514 7.702685 7.150856 7.599028 8.047199 7.495370 7.943542 7.391713 7.839884 8.288056 7.736227 8.184398 8.632569 8.080741 8.528912 8.977083 8.425255 8.873426 9.321597 8.769769 9.217940 8.666111 9.114282 9.562454 9.010625 9.458796 9.906968 9.355139 9.803310 10.251481 9.699653 10.147824 10.595995 10.044167 10.492338 9.940509 10.388681 10.836852 10.285023 10.733194 11.181366 10.629537 11.077708 11.525880 10.974051 11.422222 
0.091927 0.550521 1.009115 0.467708 0.926302 1.384896 0.843490 1.302083 1.760677 1.219271 1.677865 1.136458 1.595052 2.053646 1.512240 1.970833 2.429427 1.888021 2.346615 2.805208 2.263802 2.722396 2.180990 2.639583 3.098177 2.556771 3.015365 3.473958 2.932552 3.391146 2.849740 3.308333 3.766927 3.225521 3.684115 4.142708 3.601302 4.059896 4.518490 3.977083 4.435677 3.894271 4.352865 4.811458 4.270052 4.728646 5.187240 4.645833 5.104427 5.563021 5.021615 5.480208 4.938802 5.397396 5.855990 5.314583 5.773177 6.231771 5.690365 6.148958 5.607552 6.066146 6.524740 5.983333 6.441927 6.900521 6.359115 6.817708 7.276302 6.734896 7.193490 6.652083 7.110677 7.569271 7.027865 7.486458 7.945052 7.403646 7.862240 8.320833 7.779427 8.238021 7.696615 8.155208 8.613802 8.072396 8.530990 8.989583 8.448177 8.906771 8.365365 8.823958 9.282552 8.741146 9.199740 9.658333 9.116927 9.575521 10.034115 9.492708 9.951302 9.409896 9.868490 10.327083 9.785677 10.244271 10.702865 10.161458 10.620052 11.078646 10.537240 10.995833 10.454427 10.913021 11.371615 10.830208 11.288802 11.747396 11.205990 11.664583 
0.094016 0.563032 1.032049 0.501065 0.970081 1.439097 0.908113 1.377130 0.846146 1.315162 1.784178 1.253194 1.722211 2.191227 1.660243 2.129259 1.598275 2.067292 2.536308 2.005324 2.474340 2.943356 2.412373 2.881389 2.350405 2.819421 3.288438 2.757454 3.226470 3.695486 3.164502 3.633519 3.102535 3.571551 4.040567 3.509583 3.978600 4.447616 3.916632 4.385648 3.854664 4.323681 4.792697 4.261713 4.730729 5.199745 4.668762 5.137778 4.606794 5.075810 5.544826 5.013843 5.482859 5.951875 5.420891 5.889907 5.358924 5.827940 6.296956 5.765972 6.234988 6.704005 6.173021 6.642037 6.111053 6.580069 7.049086 6.518102 6.987118 7.456134 6.925150 7.394167 6.863183 7.332199 7.801215 7.270231 7.739248 8.208264 7.677280 8.146296 7.615313 8.084329 8.553345 8.022361 8.491377 8.960394 8.429410 8.898426 8.367442 8.836458 9.305475 8.774491 9.243507 9.712523 9.181539 9.650556 9.119572 9.588588 10.057604 9.526620 9.995637 10.464653 9.933669 10.402685 9.871701 10.340718 10.809734 10.278750 10.747766 11.216782 10.685799 11.154815 10.623831 11.092847 11.561863 11.030880 11.499896 11.968912 11.437928 11.906944 
0.096105 0.575544 1.054983 0.534421 1.013860 1.493299 0.972737 1.452176 0.931615 1.411053 1.890492 1.369931 1.849369 2.328808 1.808247 2.287685 1.767124 2.246563 2.726001 2.205440 2.684878 2.164317 2.643756 3.123194 2.602633 3.082072 3.561510 3.040949 3.520388 2.999826 3.479265 3.958704 3.438142 3.917581 3.397020 3.876458 4.355897 3.835336 4.314774 4.794213 4.273652 4.753090 4.232529 4.711968 5.191406 4.670845 5.150284 4.629722 5.109161 5.588600 5.068038 5.547477 6.026916 5.506354 5.985793 5.465231 5.944670 6.424109 5.903547 6.382986 5.862425 6.341863 6.821302 6.300741 6.780179 7.259618 6.739057 7.218495 6.697934 7.177373 7.656811 7.136250 7.615689 8.095127 7.574566 8.054005 7.533443 8.012882 8.492321 7.971759 8.451198 7.930637 8.410075 8.889514 8.368953 8.848391 9.327830 8.807269 9.286707 8.766146 9.245584 9.725023 9.204462 9.683900 9.163339 9.642778 10.122216 9.601655 10.081094 10.560532 10.039971 10.519410 9.998848 10.478287 10.957726 10.437164 10.916603 10.396042 10.875480 11.354919 10.834358 11.313796 11.793235 11.272674 11.752112 11.231551 11.710990 12.190428 11.669867 12.149306 
0.098194 0.588056 1.077917 0.567778 1.057639 1.547500 1.037361 1.527222 1.017083 1.506944 1.996806 1.486667 1.976528 1.466389 1.956250 2.446111 1.935972 2.425833 1.915694 2.405556 2.895417 2.385278 2.875139 2.365000 2.854861 3.344722 2.834583 3.324444 3.814306 3.304167 3.794028 3.283889 3.773750 4.263611 3.753472 4.243333 3.733194 4.223056 4.712917 4.202778 4.692639 4.182500 4.672361 5.162222 4.652083 5.141944 4.631806 5.121667 5.611528 5.101389 5.591250 6.081111 5.570972 6.060833 5.550694 6.040556 6.530417 6.020278 6.510139 6.000000 6.489861 6.979722 6.469583 6.959444 6.449306 6.939167 7.429028 6.918889 7.408750 6.898611 7.388472 7.878333 7.368194 7.858056 8.347917 7.837778 8.327639 7.817500 8.307361 8.797222 8.287083 8.776944 8.266806 8.756667 9.246528 8.736389 9.226250 8.716111 9.205972 9.695833 9.185694 9.675556 9.165417 9.655278 10.145139 9.635000 10.124861 10.614722 10.104583 10.594444 10.084306 10.574167 11.064028 10.553889 11.043750 10.533611 11.023472 11.513333 11.003194 11.493056 10.982917 11.472778 11.962639 11.452500 11.942361 11.432222 11.922083 12.411944 11.901806 12.391667 
40.000000 41.000000 42.000000 43.000000 44.000000 45.000000 46.000000 47.000000 
0.002083 0.004167 0.006250 0.008333 0.010417 0.012500 0.014583 0.016667 0.018750 0.020833 0.022917 0.025000 0.027083 0.029167 0.031250 0.033333 0.035417 0.037500 0.039583 0.041667 0.043750 0.045833 0.047917 0.050000 0.052083 0.054167 0.056250 0.058333 0.060417 0.062500 0.064583 0.066667 0.068750 0.070833 0.072917 0.075000 0.077083 0.079167 0.081250 0.083333 0.085417 0.087500 0.089583 0.091667 0.093750 0.095833 0.097917 0.100000 0.102083 0.104167 0.106250 0.108333 0.110417 0.112500 0.114583 0.116667 0.118750 0.120833 0.122917 0.125000 0.127083 0.129167 0.131250 0.133333 0.135417 0.137500 0.139583 0.141667 0.143750 0.145833 0.147917 0.150000 0.152083 0.154167 0.156250 0.158333 0.160417 0.162500 0.164583 0.166667 0.168750 0.170833 0.172917 0.175000 0.177083 0.179167 0.181250 0.183333 0.185417 0.187500 0.189583 0.191667 0.193750 0.195833 0.197917 0.200000 0.202083 0.204167 0.206250 0.208333 0.210417 0.212500 0.214583 0.216667 0.218750 0.220833 0.222917 0.225000 0.227083 0.229167 0.231250 0.233333 0.235417 0.237500 0.239583 0.241667 0.243750 0.245833 0.247917 0.250000 
0.170833 0.175000 0.179167 0.183333 0.187500 0.191667 0.195833 0.200000 
0.001389 0.002778 0.004167 0.005556 0.006944 0.008333 0.009722 0.011111 0.012500 0.013889 0.015278 0.016667 0.018056 0.019444 0.020833 0.022222 0.023611 0.025000 0.026389 0.027778 0.029167 0.030556 0.031944 0.033333 0.034722 0.036111 0.037500 0.038889 0.040278 0.041667 0.043056 0.044444 0.045833 0.047222 0.048611 0.050000 0.051389 0.052778 0.054167 0.055556 0.056944 0.058333 0.059722 0.061111 0.062500 0.063889 0.065278 0.066667 0.068056 0.069444 0.070833 0.072222 0.073611 0.075000 0.076389 0.077778 0.079167 0.080556 0.081944 0.083333 0.084722 0.086111 0.087500 0.088889 0.090278 0.091667 0.093056 0.094444 0.095833 0.097222 0.098611 0.100000 0.101389 0.102778 0.104167 0.105556 0.106944 0.108333 0.109722 0.111111 0.112500 0.113889 0.115278 0.116667 0.118056 0.119444 0.120833 0.122222 0.123611 0.125000 0.126389 0.127778 0.129167 0.130556 0.131944 0.133333 0.134722 0.136111 0.137500 0.138889 0.140278 0.141667 0.143056 0.144444 0.145833 0.147222 0.148611 0.150000 0.151389 0.152778 0.154167 0.155556 0.156944 0.158333 0.159722 0.161111 0.162500 0.163889 0.165278 0.166667 
0.000000 0.000000 0.000000 0.000000 0.000000 0.000000 0.000000 0.000000 
1.505041 9.009665 9.726789 10.943913 12.286037 13.678161 15.095285 16.701159 17.967033 19.632907 20.863781 22.799655 23.773029 25.675152 27.134776 28.149400 29.914024 31.503648 32.998272 34.716646 35.460020 37.618394 39.181768 40.665142 41.316016 43.570640 45.157764 46.644888 48.077012 49.669136 50.106260 52.792134 53.968008 55.663882 57.114756 58.585630 59.804004 61.796128 63.165752 64.540376 64.765000 67.894624 69.119248 70.807622 72.170996 73.244370 75.212744 76.786118 77.406992 79.811616 80.948740 82.675864 84.197988 85.760112 87.097236 88.628110 89.998984 91.664858 93.145732 94.501606 94.094980 98.187104 99.466728 100.871352 102.155976 103.755600 105.210224 106.928598 108.261972 109.860346 111.053720 112.877094 113.527968 115.902592 117.399716 118.376840 120.288964 121.881088 123.188212 124.794086 124.949960 127.995834 129.446708 130.892582 132.045956 133.798080 135.497704 136.872328 138.186952 139.896576 140.371200 143.019573 144.382947 145.891321 147.454695 148.813069 149.618943 152.023567 153.430691 154.917815 155.779939 157.972063 159.309187 161.185061 162.240935 163.471809 165.477683 167.013557 168.076931 169.889055 171.138679 172.903303 174.187927 175.987551 177.212175 178.705549 180.173923 181.592297 182.885671 183.679045 
0.042708 0.043750 0.044792 0.045833 0.046875 0.047917 0.048958 0.050000 
0.000926 0.001852 0.002778 0.003704 0.004630 0.005556 0.006481 0.007407 0.008333 0.009259 0.010185 0.011111 0.012037 0.012963 0.013889 0.014815 0.015741 0.016667 0.017593 0.018519 0.019444 0.020370 0.021296 0.022222 0.023148 0.024074 0.025000 0.025926 0.026852 0.027778 0.028704 0.029630 0.030556 0.031481 0.032407 0.033333 0.034259 0.035185 0.036111 0.037037 0.037963 0.038889 0.039815 0.040741 0.041667 0.042593 0.043519 0.044444 0.045370 0.046296 0.047222 0.048148 0.049074 0.050000 0.050926 0.051852 0.052778 0.053704 0.054630 0.055556 0.056481 0.057407 0.058333 0.059259 0.060185 0.061111 0.062037 0.062963 0.063889 0.064815 0.065741 0.066667 0.067593 0.068519 0.069444 0.070370 0.071296 0.072222 0.073148 0.074074 0.075000 0.075926 0.076852 0.077778 0.078704 0.079630 0.080556 0.081481 0.082407 0.083333 0.084259 0.085185 0.086111 0.087037 0.087963 0.088889 0.089815 0.090741 0.091667 0.092593 0.093519 0.094444 0.095370 0.096296 0.097222 0.098148 0.099074 0.100000 0.100926 0.101852 0.102778 0.103704 0.104630 0.105556 0.106481 0.107407 0.108333 0.109259 0.110185 0.111111 
