3
120
7
1.500000
1.200000
0.236076 1.413819 1.591562 1.769306 1.947049 2.124792 2.302535 2.480278 2.658021 2.835764 3.013507 3.191250 3.368993 3.546736 3.724479 3.902222 4.079965 4.257708 5.435451 5.613194 5.790937 5.968681 6.146424 6.324167 6.501910 6.679653 6.857396 7.035139 7.212882 7.390625 7.568368 7.746111 7.923854 8.101597 8.279340 9.457083 9.634826 9.812569 9.990312 10.168056 10.345799 10.523542 10.701285 10.879028 11.056771 11.234514 11.412257 11.590000 11.767743 11.945486 12.123229 12.300972 13.478715 13.656458 13.834201 14.011944 14.189687 14.367431 14.545174 14.722917 14.900660 15.078403 15.256146 15.433889 15.611632 15.789375 15.967118 16.144861 16.322604 17.500347 17.678090 17.855833 18.033576 18.211319 18.389063 18.566806 18.744549 18.922292 19.100035 19.277778 19.455521 19.633264 19.811007 19.988750 20.166493 20.344236 21.521979 21.699722 21.877465 22.055208 22.232951 22.410694 22.588438 22.766181 22.943924 23.121667 23.299410 23.477153 23.654896 23.832639 24.010382 24.188125 24.365868 25.543611 25.721354 25.899097 26.076840 26.254583 26.432326 26.610069 26.787813 26.965556 27.143299 27.321042 27.498785 27.676528 27.854271 28.032014 28.209757 28.387500 
0.238166 1.426331 1.614497 1.802662 1.990828 2.178993 2.367159 2.555324 2.743490 2.931655 3.119821 3.307986 3.496152 3.684317 3.872483 4.060648 4.248814 4.436979 4.625145 4.813310 5.001476 6.189641 6.377807 6.565972 6.754138 6.942303 7.130469 7.318634 7.506800 7.694965 7.883131 8.071296 8.259462 8.447627 8.635793 8.823958 9.012124 9.200289 9.388455 9.576620 9.764786 10.952951 11.141117 11.329282 11.517448 11.705613 11.893779 12.081944 12.270110 12.458275 12.646441 12.834606 13.022772 13.210938 13.399103 13.587269 13.775434 13.963600 14.151765 14.339931 14.528096 15.716262 15.904427 16.092593 16.280758 16.468924 16.657089 16.845255 17.033420 17.221586 17.409751 17.597917 17.786082 17.974248 18.162413 18.350579 18.538744 18.726910 18.915075 19.103241 19.291406 20.479572 20.667737 20.855903 21.044068 21.232234 21.420399 21.608565 21.796730 21.984896 22.173061 22.361227 22.549392 22.737558 22.925723 23.113889 23.302054 23.490220 23.678385 23.866551 24.054716 25.242882 25.431047 25.619213 25.807378 25.995544 26.183709 26.371875 26.560041 26.748206 26.936372 27.124537 27.312703 27.500868 27.689034 27.877199 28.065365 28.253530 28.441696 28.629861 
0.240255 1.438843 1.637431 1.836019 2.034606 2.233194 2.431782 2.630370 2.828958 3.027546 3.226134 3.424722 3.623310 3.821898 4.020486 4.219074 4.417662 4.616250 4.814838 5.013426 5.212014 5.410602 5.609190 5.807778 6.006366 7.204954 7.403542 7.602130 7.800718 7.999306 8.197894 8.396481 8.595069 8.793657 8.992245 9.190833 9.389421 9.588009 9.786597 9.985185 10.183773 10.382361 10.580949 10.779537 10.978125 11.176713 11.375301 11.573889 11.772477 12.971065 13.169653 13.368241 13.566829 13.765417 13.964005 14.162593 14.361181 14.559769 14.758356 14.956944 15.155532 15.354120 15.552708 15.751296 15.949884 16.148472 16.347060 16.545648 16.744236 16.942824 17.141412 17.340000 17.538588 18.737176 18.935764 19.134352 19.332940 19.531528 19.730116 19.928704 20.127292 20.325880 20.524468 20.723056 20.921644 21.120231 21.318819 21.517407 21.715995 21.914583 22.113171 22.311759 22.510347 22.708935 22.907523 23.106111 23.304699 24.503287 24.701875 24.900463 25.099051 25.297639 25.496227 25.694815 25.893403 26.091991 26.290579 26.489167 26.687755 26.886343 27.084931 27.283519 27.482106 27.680694 27.879282 28.077870 28.276458 28.475046 28.673634 28.872222 
0.242344 1.451354 1.660365 1.869375 2.078385 2.287396 2.496406 2.705417 2.914427 3.123437 3.332448 3.541458 3.750469 3.959479 4.168490 4.377500 4.586510 4.795521 5.004531 5.213542 5.422552 5.631562 5.840573 6.049583 6.258594 6.467604 6.676615 6.885625 7.094635 7.303646 7.512656 8.721667 8.930677 9.139688 9.348698 9.557708 9.766719 9.975729 10.184740 10.393750 10.602760 10.811771 11.020781 11.229792 11.438802 11.647813 11.856823 12.065833 12.274844 12.483854 12.692865 12.901875 13.110885 13.319896 13.528906 13.737917 13.946927 14.155938 14.364948 14.573958 14.782969 15.991979 16.200990 16.410000 16.619010 16.828021 17.037031 17.246042 17.455052 17.664062 17.873073 18.082083 18.291094 18.500104 18.709115 18.918125 19.127135 19.336146 19.545156 19.754167 19.963177 20.172187 20.381198 20.590208 20.799219 21.008229 21.217240 21.426250 21.635260 21.844271 22.053281 23.262292 23.471302 23.680312 23.889323 24.098333 24.307344 24.516354 24.725365 24.934375 25.143385 25.352396 25.561406 25.770417 25.979427 26.188437 26.397448 26.606458 26.815469 27.024479 27.233490 27.442500 27.651510 27.860521 28.069531 28.278542 28.487552 28.696562 28.905573 29.114583 
0.244433 1.463866 1.683299 1.902731 2.122164 2.341597 2.561030 2.780463 2.999896 3.219329 3.438762 3.658194 3.877627 4.097060 4.316493 4.535926 4.755359 4.974792 5.194225 5.413657 5.633090 5.852523 6.071956 6.291389 6.510822 6.730255 6.949687 7.169120 7.388553 7.607986 7.827419 8.046852 8.266285 8.485718 8.705150 8.924583 9.144016 9.363449 9.582882 9.802315 10.021748 11.241181 11.460613 11.680046 11.899479 12.118912 12.338345 12.557778 12.777211 12.996644 13.216076 13.435509 13.654942 13.874375 14.093808 14.313241 14.532674 14.752106 14.971539 15.190972 15.410405 15.629838 15.849271 16.068704 16.288137 16.507569 16.727002 16.946435 17.165868 17.385301 17.604734 17.824167 18.043600 18.263032 18.482465 18.701898 18.921331 19.140764 19.360197 19.579630 19.799063 21.018495 21.237928 21.457361 21.676794 21.896227 22.115660 22.335093 22.554525 22.773958 22.993391 23.212824 23.432257 23.651690 23.871123 24.090556 24.309988 24.529421 24.748854 24.968287 25.187720 25.407153 25.626586 25.846019 26.065451 26.284884 26.504317 26.723750 26.943183 27.162616 27.382049 27.601481 27.820914 28.040347 28.259780 28.479213 28.698646 28.918079 29.137512 29.356944 
0.246522 1.476377 1.706233 1.936088 2.165943 2.395799 2.625654 2.855509 3.085365 3.315220 3.545075 3.774931 4.004786 4.234641 4.464497 4.694352 4.924207 5.154063 5.383918 5.613773 5.843628 6.073484 6.303339 6.533194 6.763050 6.992905 7.222760 7.452616 7.682471 7.912326 8.142182 8.372037 8.601892 8.831748 9.061603 9.291458 9.521314 9.751169 9.981024 10.210880 10.440735 10.670590 10.900446 11.130301 11.360156 11.590012 11.819867 12.049722 12.279578 12.509433 12.739288 12.969144 13.198999 13.428854 13.658709 13.888565 14.118420 14.348275 14.578131 14.807986 15.037841 16.267697 16.497552 16.727407 16.957263 17.187118 17.416973 17.646829 17.876684 18.106539 18.336395 18.566250 18.796105 19.025961 19.255816 19.485671 19.715527 19.945382 20.175237 20.405093 20.634948 20.864803 21.094659 21.324514 21.554369 21.784225 22.014080 22.243935 22.473791 22.703646 22.933501 23.163356 23.393212 23.623067 23.852922 24.082778 24.312633 24.542488 24.772344 25.002199 25.232054 25.461910 25.691765 25.921620 26.151476 26.381331 26.611186 26.841042 27.070897 27.300752 27.530608 27.760463 27.990318 28.220174 28.450029 28.679884 28.909740 29.139595 29.369450 29.599306 
0.248611 1.488889 1.729167 1.969444 2.209722 2.450000 2.690278 2.930556 3.170833 3.411111 3.651389 3.891667 4.131944 4.372222 4.612500 4.852778 5.093056 5.333333 5.573611 5.813889 6.054167 6.294444 6.534722 6.775000 7.015278 7.255556 7.495833 7.736111 7.976389 8.216667 8.456944 8.697222 8.937500 9.177778 9.418056 9.658333 9.898611 10.138889 10.379167 10.619444 10.859722 11.100000 11.340278 11.580556 11.820833 12.061111 12.301389 12.541667 12.781944 13.022222 13.262500 13.502778 13.743056 13.983333 14.223611 14.463889 14.704167 14.944444 15.184722 15.425000 15.665278 15.905556 16.145833 16.386111 16.626389 16.866667 17.106944 17.347222 17.587500 17.827778 18.068056 18.308333 18.548611 18.788889 19.029167 19.269444 19.509722 19.750000 19.990278 20.230556 20.470833 20.711111 20.951389 21.191667 21.431944 21.672222 21.912500 22.152778 22.393056 22.633333 22.873611 23.113889 23.354167 23.594444 23.834722 24.075000 24.315278 24.555556 24.795833 25.036111 25.276389 25.516667 25.756944 25.997222 26.237500 26.477778 26.718056 26.958333 27.198611 27.438889 27.679167 27.919444 28.159722 28.400000 28.640278 28.880556 29.120833 29.361111 29.601389 29.841667 
113.000000 114.000000 115.000000 116.000000 117.000000 118.000000 119.000000 
0.002083 0.004167 0.006250 0.008333 0.010417 0.012500 0.014583 0.016667 0.018750 0.020833 0.022917 0.025000 0.027083 0.029167 0.031250 0.033333 0.035417 0.037500 0.039583 0.041667 0.043750 0.045833 0.047917 0.050000 0.052083 0.054167 0.056250 0.058333 0.060417 0.062500 0.064583 0.066667 0.068750 0.070833 0.072917 0.075000 0.077083 0.079167 0.081250 0.083333 0.085417 0.087500 0.089583 0.091667 0.093750 0.095833 0.097917 0.100000 0.102083 0.104167 0.106250 0.108333 0.110417 0.112500 0.114583 0.116667 0.118750 0.120833 0.122917 0.125000 0.127083 0.129167 0.131250 0.133333 0.135417 0.137500 0.139583 0.141667 0.143750 0.145833 0.147917 0.150000 0.152083 0.154167 0.156250 0.158333 0.160417 0.162500 0.164583 0.166667 0.168750 0.170833 0.172917 0.175000 0.177083 0.179167 0.181250 0.183333 0.185417 0.187500 0.189583 0.191667 0.193750 0.195833 0.197917 0.200000 0.202083 0.204167 0.206250 0.208333 0.210417 0.212500 0.214583 0.216667 0.218750 0.220833 0.222917 0.225000 0.227083 0.229167 0.231250 0.233333 0.235417 0.237500 0.239583 0.241667 0.243750 0.245833 0.247917 0.250000 
0.475000 0.479167 0.483333 0.487500 0.491667 0.495833 0.500000 
0.001389 0.002778 0.004167 0.005556 0.006944 0.008333 0.009722 0.011111 0.012500 0.013889 0.015278 0.016667 0.018056 0.019444 0.020833 0.022222 0.023611 0.025000 0.026389 0.027778 0.029167 0.030556 0.031944 0.033333 0.034722 0.036111 0.037500 0.038889 0.040278 0.041667 0.043056 0.044444 0.045833 0.047222 0.048611 0.050000 0.051389 0.052778 0.054167 0.055556 0.056944 0.058333 0.059722 0.061111 0.062500 0.063889 0.065278 0.066667 0.068056 0.069444 0.070833 0.072222 0.073611 0.075000 0.076389 0.077778 0.079167 0.080556 0.081944 0.083333 0.084722 0.086111 0.087500 0.088889 0.090278 0.091667 0.093056 0.094444 0.095833 0.097222 0.098611 0.100000 0.101389 0.102778 0.104167 0.105556 0.106944 0.108333 0.109722 0.111111 0.112500 0.113889 0.115278 0.116667 0.118056 0.119444 0.120833 0.122222 0.123611 0.125000 0.126389 0.127778 0.129167 0.130556 0.131944 0.133333 0.134722 0.136111 0.137500 0.138889 0.140278 0.141667 0.143056 0.144444 0.145833 0.147222 0.148611 0.150000 0.151389 0.152778 0.154167 0.155556 0.156944 0.158333 0.159722 0.161111 0.162500 0.163889 0.165278 0.166667 
0.000000 0.000000 0.000000 0.000000 0.000000 0.000000 0.000000 
1.505041 9.009665 9.726789 10.943913 12.286037 13.678161 15.095285 16.701159 17.967033 19.632907 20.863781 22.799655 23.773029 25.675152 27.134776 28.149400 29.914024 31.503648 32.998272 34.716646 35.460020 37.618394 39.181768 40.665142 41.316016 43.570640 45.157764 46.644888 48.077012 49.669136 50.106260 52.792134 53.968008 55.663882 57.114756 58.585630 59.804004 61.796128 63.165752 64.540376 64.765000 67.894624 69.119248 70.807622 72.170996 73.244370 75.212744 76.786118 77.406992 79.811616 80.948740 82.675864 84.197988 85.760112 87.097236 88.628110 89.998984 91.664858 93.145732 94.501606 94.094980 98.187104 99.466728 100.871352 102.155976 103.755600 105.210224 106.928598 108.261972 109.860346 111.053720 112.877094 113.527968 115.902592 117.399716 118.376840 120.288964 121.881088 123.188212 124.794086 124.949960 127.995834 129.446708 130.892582 132.045956 133.798080 135.497704 136.872328 138.186952 139.896576 140.371200 143.019573 144.382947 145.891321 147.454695 148.813069 149.618943 152.023567 153.430691 154.917815 155.779939 157.972063 159.309187 161.185061 162.240935 163.471809 165.477683 167.013557 168.076931 169.889055 171.138679 172.903303 174.187927 175.987551 177.212175 178.705549 180.173923 181.592297 182.885671 183.679045 
0.118750 0.119792 0.120833 0.121875 0.122917 0.123958 0.125000 
0.000926 0.001852 0.002778 0.003704 0.004630 0.005556 0.006481 0.007407 0.008333 0.009259 0.010185 0.011111 0.012037 0.012963 0.013889 0.014815 0.015741 0.016667 0.017593 0.018519 0.019444 0.020370 0.021296 0.022222 0.023148 0.024074 0.025000 0.025926 0.026852 0.027778 0.028704 0.029630 0.030556 0.031481 0.032407 0.033333 0.034259 0.035185 0.036111 0.037037 0.037963 0.038889 0.039815 0.040741 0.041667 0.042593 0.043519 0.044444 0.045370 0.046296 0.047222 0.048148 0.049074 0.050000 0.050926 0.051852 0.052778 0.053704 0.054630 0.055556 0.056481 0.057407 0.058333 0.059259 0.060185 0.061111 0.062037 0.062963 0.063889 0.064815 0.065741 0.066667 0.067593 0.068519 0.069444 0.070370 0.071296 0.072222 0.073148 0.074074 0.075000 0.075926 0.076852 0.077778 0.078704 0.079630 0.080556 0.081481 0.082407 0.083333 0.084259 0.085185 0.086111 0.087037 0.087963 0.088889 0.089815 0.090741 0.091667 0.092593 0.093519 0.094444 0.095370 0.096296 0.097222 0.098148 0.099074 0.100000 0.100926 0.101852 0.102778 0.103704 0.104630 0.105556 0.106481 0.107407 0.108333 0.109259 0.110185 0.111111 
