2
120
7
1.500000
1.200000
0.250700 0.501400 0.752101 1.002801 1.253501 1.504201 1.754902 2.005602 2.256302 2.507002 2.757703 3.008403 3.259103 3.509803 3.760503 4.011204 4.261904 4.512604 4.763304 5.014005 5.264705 5.515405 5.766105 6.016806 6.267506 6.518206 6.768906 7.019606 7.270307 7.521007 7.771707 8.022407 8.273108 8.523808 8.774508 9.025208 9.275909 9.526609 9.777309 10.028009 10.278709 10.529410 10.780110 11.030810 11.281510 11.532211 11.782911 12.033611 12.284311 12.535012 12.785712 13.036412 13.287112 13.537812 13.788513 14.039213 14.289913 14.540613 14.791314 15.042014 15.292714 15.543414 15.794115 16.044815 16.295515 16.546215 16.796916 17.047616 17.298316 17.549016 17.799716 18.050417 18.301117 18.551817 18.802517 19.053218 19.303918 19.554618 19.805318 20.056019 20.306719 20.557419 20.808119 21.058819 21.309520 21.560220 21.810920 22.061620 22.312321 22.563021 22.813721 23.064421 23.315122 23.565822 23.816522 24.067222 24.317922 24.568623 24.819323 25.070023 25.320723 25.571424 25.822124 26.072824 26.323524 26.574225 26.824925 27.075625 27.326325 27.577025 27.827726 28.078426 28.329126 28.579826 28.830527 29.081227 29.331927 29.582627 29.833328 30.084028 
0.252789 0.513912 0.775035 1.036157 1.297280 1.558403 1.819525 2.080648 2.341771 2.602894 2.864016 3.125139 3.386262 3.647384 3.908507 4.169630 4.430752 4.691875 4.952998 5.214120 5.475243 5.736366 5.997488 6.258611 6.519734 6.780856 7.041979 7.303102 7.564225 7.825347 8.086470 8.347593 8.608715 8.869838 9.130961 9.392083 9.653206 9.914329 10.175451 10.436574 10.697697 10.958819 11.219942 11.481065 11.742188 12.003310 12.264433 12.525556 12.786678 13.047801 13.308924 13.570046 13.831169 14.092292 14.353414 14.614537 14.875660 15.136782 15.397905 15.659028 15.920150 16.181273 16.442396 16.703519 16.964641 17.225764 17.486887 17.748009 18.009132 18.270255 18.531377 18.792500 19.053623 19.314745 19.575868 19.836991 20.098113 20.359236 20.620359 20.881481 21.142604 21.403727 21.664850 21.925972 22.187095 22.448218 22.709340 22.970463 23.231586 23.492708 23.753831 24.014954 24.276076 24.537199 24.798322 25.059444 25.320567 25.581690 25.842812 26.103935 26.365058 26.626181 26.887303 27.148426 27.409549 27.670671 27.931794 28.192917 28.454039 28.715162 28.976285 29.237407 29.498530 29.759653 30.020775 30.281898 30.543021 30.804144 31.065266 31.326389 
0.254878 0.526424 0.797969 1.069514 1.341059 1.612604 1.884149 2.155694 2.427240 2.698785 2.970330 3.241875 3.513420 3.784965 4.056510 4.328056 4.599601 4.871146 5.142691 5.414236 5.685781 5.957326 6.228872 6.500417 6.771962 7.043507 7.315052 7.586597 7.858142 8.129687 8.401233 8.672778 8.944323 9.215868 9.487413 9.758958 10.030503 10.302049 10.573594 10.845139 11.116684 11.388229 11.659774 11.931319 12.202865 12.474410 12.745955 13.017500 13.289045 13.560590 13.832135 14.103681 14.375226 14.646771 14.918316 15.189861 15.461406 15.732951 16.004497 16.276042 15.547587 15.819132 16.090677 16.362222 16.633767 16.905313 17.176858 17.448403 17.719948 17.991493 18.263038 18.534583 18.806128 19.077674 19.349219 19.620764 19.892309 20.163854 20.435399 20.706944 20.978490 21.250035 21.521580 21.793125 22.064670 22.336215 22.607760 22.879306 23.150851 23.422396 23.693941 23.965486 24.237031 24.508576 24.780122 25.051667 25.323212 25.594757 25.866302 26.137847 26.409392 26.680938 26.952483 27.224028 27.495573 27.767118 28.038663 28.310208 28.581753 28.853299 29.124844 29.396389 29.667934 29.939479 30.211024 30.482569 30.754115 31.025660 31.297205 31.568750 
0.256968 0.538935 0.820903 1.102870 1.384838 1.666806 1.948773 2.230741 2.512708 2.794676 3.076644 3.358611 3.640579 3.922546 4.204514 4.486481 4.768449 5.050417 5.332384 5.614352 5.896319 6.178287 6.460255 6.742222 7.024190 7.306157 7.588125 7.870093 8.152060 8.434028 8.715995 8.997963 9.279931 9.561898 9.843866 10.125833 10.407801 10.689769 10.971736 11.253704 10.535671 10.817639 11.099606 11.381574 11.663542 11.945509 12.227477 12.509444 12.791412 13.073380 13.355347 13.637315 13.919282 14.201250 14.483218 14.765185 15.047153 15.329120 15.611088 15.893056 16.175023 16.456991 16.738958 17.020926 17.302894 17.584861 17.866829 18.148796 18.430764 18.712731 18.994699 19.276667 19.558634 19.840602 20.122569 20.404537 20.686505 20.968472 21.250440 21.532407 20.814375 21.096343 21.378310 21.660278 21.942245 22.224213 22.506181 22.788148 23.070116 23.352083 23.634051 23.916019 24.197986 24.479954 24.761921 25.043889 25.325856 25.607824 25.889792 26.171759 26.453727 26.735694 27.017662 27.299630 27.581597 27.863565 28.145532 28.427500 28.709468 28.991435 29.273403 29.555370 29.837338 30.119306 30.401273 30.683241 30.965208 31.247176 31.529144 31.811111 
0.259057 0.551447 0.843837 1.136227 1.428617 1.721007 2.013397 2.305787 2.598177 2.890567 3.182957 3.475347 3.767737 4.060127 4.352517 4.644907 4.937297 5.229687 5.522078 5.814468 6.106858 6.399248 6.691638 6.984028 7.276418 7.568808 7.861198 8.153588 8.445978 8.738368 8.030758 8.323148 8.615538 8.907928 9.200318 9.492708 9.785098 10.077488 10.369878 10.662269 10.954659 11.247049 11.539439 11.831829 12.124219 12.416609 12.708999 13.001389 13.293779 13.586169 13.878559 14.170949 14.463339 14.755729 15.048119 15.340509 15.632899 15.925289 16.217679 16.510069 15.802459 16.094850 16.387240 16.679630 16.972020 17.264410 17.556800 17.849190 18.141580 18.433970 18.726360 19.018750 19.311140 19.603530 19.895920 20.188310 20.480700 20.773090 21.065480 21.357870 21.650260 21.942650 22.235041 22.527431 22.819821 23.112211 23.404601 23.696991 23.989381 24.281771 23.574161 23.866551 24.158941 24.451331 24.743721 25.036111 25.328501 25.620891 25.913281 26.205671 26.498061 26.790451 27.082841 27.375231 27.667622 27.960012 28.252402 28.544792 28.837182 29.129572 29.421962 29.714352 30.006742 30.299132 30.591522 30.883912 31.176302 31.468692 31.761082 32.053472 
0.261146 0.563958 0.866771 1.169583 1.472396 1.775208 2.078021 2.380833 2.683646 2.986458 3.289271 3.592083 3.894896 4.197708 4.500521 4.803333 5.106146 5.408958 5.711771 6.014583 6.317396 6.620208 6.923021 7.225833 6.528646 6.831458 7.134271 7.437083 7.739896 8.042708 8.345521 8.648333 8.951146 9.253958 9.556771 9.859583 10.162396 10.465208 10.768021 11.070833 11.373646 11.676458 11.979271 12.282083 12.584896 12.887708 13.190521 13.493333 12.796146 13.098958 13.401771 13.704583 14.007396 14.310208 14.613021 14.915833 15.218646 15.521458 15.824271 16.127083 16.429896 16.732708 17.035521 17.338333 17.641146 17.943958 18.246771 18.549583 18.852396 19.155208 19.458021 19.760833 19.063646 19.366458 19.669271 19.972083 20.274896 20.577708 20.880521 21.183333 21.486146 21.788958 22.091771 22.394583 22.697396 23.000208 23.303021 23.605833 23.908646 24.211458 24.514271 24.817083 25.119896 25.422708 25.725521 26.028333 25.331146 25.633958 25.936771 26.239583 26.542396 26.845208 27.148021 27.450833 27.753646 28.056458 28.359271 28.662083 28.964896 29.267708 29.570521 29.873333 30.176146 30.478958 30.781771 31.084583 31.387396 31.690208 31.993021 32.295833 
0.263235 0.576470 0.889705 1.202940 1.516175 1.829410 2.142645 2.455880 2.769115 3.082350 3.395584 3.708819 4.022054 4.335289 4.648524 4.961759 5.274994 5.588229 5.901464 6.214699 5.527934 5.841169 6.154404 6.467639 6.780874 7.094109 7.407344 7.720579 8.033814 8.347049 8.660284 8.973519 9.286753 9.599988 9.913223 10.226458 10.539693 10.852928 11.166163 11.479398 10.792633 11.105868 11.419103 11.732338 12.045573 12.358808 12.672043 12.985278 13.298513 13.611748 13.924983 14.238218 14.551453 14.864688 15.177922 15.491157 15.804392 16.117627 16.430862 16.744097 16.057332 16.370567 16.683802 16.997037 17.310272 17.623507 17.936742 18.249977 18.563212 18.876447 19.189682 19.502917 19.816152 20.129387 20.442622 20.755856 21.069091 21.382326 21.695561 22.008796 21.322031 21.635266 21.948501 22.261736 22.574971 22.888206 23.201441 23.514676 23.827911 24.141146 24.454381 24.767616 25.080851 25.394086 25.707321 26.020556 26.333791 26.647025 26.960260 27.273495 26.586730 26.899965 27.213200 27.526435 27.839670 28.152905 28.466140 28.779375 29.092610 29.405845 29.719080 30.032315 30.345550 30.658785 30.972020 31.285255 31.598490 31.911725 32.224959 32.538194 
120.000000 121.000000 122.000000 123.000000 124.000000 125.000000 126.000000 
0.002083 0.004167 0.006250 0.008333 0.010417 0.012500 0.014583 0.016667 0.018750 0.020833 0.022917 0.025000 0.027083 0.029167 0.031250 0.033333 0.035417 0.037500 0.039583 0.041667 0.043750 0.045833 0.047917 0.050000 0.052083 0.054167 0.056250 0.058333 0.060417 0.062500 0.064583 0.066667 0.068750 0.070833 0.072917 0.075000 0.077083 0.079167 0.081250 0.083333 0.085417 0.087500 0.089583 0.091667 0.093750 0.095833 0.097917 0.100000 0.102083 0.104167 0.106250 0.108333 0.110417 0.112500 0.114583 0.116667 0.118750 0.120833 0.122917 0.125000 0.127083 0.129167 0.131250 0.133333 0.135417 0.137500 0.139583 0.141667 0.143750 0.145833 0.147917 0.150000 0.152083 0.154167 0.156250 0.158333 0.160417 0.162500 0.164583 0.166667 0.168750 0.170833 0.172917 0.175000 0.177083 0.179167 0.181250 0.183333 0.185417 0.187500 0.189583 0.191667 0.193750 0.195833 0.197917 0.200000 0.202083 0.204167 0.206250 0.208333 0.210417 0.212500 0.214583 0.216667 0.218750 0.220833 0.222917 0.225000 0.227083 0.229167 0.231250 0.233333 0.235417 0.237500 0.239583 0.241667 0.243750 0.245833 0.247917 0.250000 
0.504167 0.508333 0.512500 0.516667 0.520833 0.525000 0.529167 
0.001389 0.002778 0.004167 0.005556 0.006944 0.008333 0.009722 0.011111 0.012500 0.013889 0.015278 0.016667 0.018056 0.019444 0.020833 0.022222 0.023611 0.025000 0.026389 0.027778 0.029167 0.030556 0.031944 0.033333 0.034722 0.036111 0.037500 0.038889 0.040278 0.041667 0.043056 0.044444 0.045833 0.047222 0.048611 0.050000 0.051389 0.052778 0.054167 0.055556 0.056944 0.058333 0.059722 0.061111 0.062500 0.063889 0.065278 0.066667 0.068056 0.069444 0.070833 0.072222 0.073611 0.075000 0.076389 0.077778 0.079167 0.080556 0.081944 0.083333 0.084722 0.086111 0.087500 0.088889 0.090278 0.091667 0.093056 0.094444 0.095833 0.097222 0.098611 0.100000 0.101389 0.102778 0.104167 0.105556 0.106944 0.108333 0.109722 0.111111 0.112500 0.113889 0.115278 0.116667 0.118056 0.119444 0.120833 0.122222 0.123611 0.125000 0.126389 0.127778 0.129167 0.130556 0.131944 0.133333 0.134722 0.136111 0.137500 0.138889 0.140278 0.141667 0.143056 0.144444 0.145833 0.147222 0.148611 0.150000 0.151389 0.152778 0.154167 0.155556 0.156944 0.158333 0.159722 0.161111 0.162500 0.163889 0.165278 0.166667 
0.000000 0.000000 0.000000 0.000000 0.000000 0.000000 0.000000 
0.000000 0.000000 0.000000 0.000000 0.000000 0.000000 0.000000 0.000000 0.000000 0.000000 0.000000 0.000000 0.000000 0.000000 0.000000 0.000000 0.000000 0.000000 0.000000 0.000000 0.000000 0.000000 0.000000 0.000000 0.000000 0.000000 0.000000 0.000000 0.000000 0.000000 0.000000 0.000000 0.000000 0.000000 0.000000 0.000000 0.000000 0.000000 0.000000 0.000000 0.000000 0.000000 0.000000 0.000000 0.000000 0.000000 0.000000 0.000000 0.000000 0.000000 0.000000 0.000000 0.000000 0.000000 0.000000 0.000000 0.000000 0.000000 0.000000 0.000000 0.000000 0.000000 0.000000 0.000000 0.000000 0.000000 0.000000 0.000000 0.000000 0.000000 0.000000 0.000000 0.000000 0.000000 0.000000 0.000000 0.000000 0.000000 0.000000 0.000000 0.000000 0.000000 0.000000 0.000000 0.000000 0.000000 0.000000 0.000000 0.000000 0.000000 0.000000 0.000000 0.000000 0.000000 0.000000 0.000000 0.000000 0.000000 0.000000 0.000000 0.000000 0.000000 0.000000 0.000000 0.000000 0.000000 0.000000 0.000000 0.000000 0.000000 0.000000 0.000000 0.000000 0.000000 0.000000 0.000000 0.000000 0.000000 0.000000 0.000000 
0.126042 0.127083 0.128125 0.129167 0.130208 0.131250 0.132292 
0.000926 0.001852 0.002778 0.003704 0.004630 0.005556 0.006481 0.007407 0.008333 0.009259 0.010185 0.011111 0.012037 0.012963 0.013889 0.014815 0.015741 0.016667 0.017593 0.018519 0.019444 0.020370 0.021296 0.022222 0.023148 0.024074 0.025000 0.025926 0.026852 0.027778 0.028704 0.029630 0.030556 0.031481 0.032407 0.033333 0.034259 0.035185 0.036111 0.037037 0.037963 0.038889 0.039815 0.040741 0.041667 0.042593 0.043519 0.044444 0.045370 0.046296 0.047222 0.048148 0.049074 0.050000 0.050926 0.051852 0.052778 0.053704 0.054630 0.055556 0.056481 0.057407 0.058333 0.059259 0.060185 0.061111 0.062037 0.062963 0.063889 0.064815 0.065741 0.066667 0.067593 0.068519 0.069444 0.070370 0.071296 0.072222 0.073148 0.074074 0.075000 0.075926 0.076852 0.077778 0.078704 0.079630 0.080556 0.081481 0.082407 0.083333 0.084259 0.085185 0.086111 0.087037 0.087963 0.088889 0.089815 0.090741 0.091667 0.092593 0.093519 0.094444 0.095370 0.096296 0.097222 0.098148 0.099074 0.100000 0.100926 0.101852 0.102778 0.103704 0.104630 0.105556 0.106481 0.107407 0.108333 0.109259 0.110185 0.111111 
