3
120
7
1.500000
1.200000
0.192205 1.151076 1.109948 1.068819 1.027691 1.986563 1.945434 1.904306 1.863177 2.822049 2.780920 2.739792 2.698663 3.657535 3.616406 3.575278 3.534149 3.493021 4.451892 4.410764 4.369635 4.328507 5.287378 5.246250 5.205122 5.163993 6.122865 6.081736 6.040608 5.999479 5.958351 6.917222 6.876094 6.834965 6.793837 7.752708 7.711580 7.670451 7.629323 8.588194 8.547066 8.505937 8.464809 9.423681 9.382552 9.341424 9.300295 9.259167 10.218038 10.176910 10.135781 10.094653 11.053524 11.012396 10.971267 10.930139 11.889010 11.847882 11.806753 11.765625 11.724497 12.683368 12.642240 12.601111 12.559983 13.518854 13.477726 13.436597 13.395469 14.354340 14.313212 14.272083 14.230955 15.189826 15.148698 15.107569 15.066441 15.025313 15.984184 15.943056 15.901927 15.860799 16.819670 16.778542 16.737413 16.696285 17.655156 17.614028 17.572899 17.531771 17.490642 18.449514 18.408385 18.367257 18.326128 19.285000 19.243872 19.202743 19.161615 20.120486 20.079358 20.038229 19.997101 20.955972 20.914844 20.873715 20.832587 20.791458 21.750330 21.709201 21.668073 21.626944 22.585816 22.544687 22.503559 22.462431 23.421302 23.380174 23.339045 23.297917 
0.194294 1.163588 1.132882 1.102176 1.071470 2.040764 2.010058 1.979352 1.948646 2.917940 2.887234 2.856528 2.825822 2.795116 3.764410 3.733704 3.702998 3.672292 4.641586 4.610880 4.580174 4.549468 4.518762 5.488056 5.457350 5.426644 5.395938 6.365231 6.334525 6.303819 6.273113 6.242407 7.211701 7.180995 7.150289 7.119583 8.088877 8.058171 8.027465 7.996759 7.966053 8.935347 8.904641 8.873935 8.843229 9.812523 9.781817 9.751111 9.720405 10.689699 10.658993 10.628287 10.597581 10.566875 11.536169 11.505463 11.474757 11.444051 12.413345 12.382639 12.351933 12.321227 12.290521 13.259815 13.229109 13.198403 13.167697 14.136991 14.106285 14.075579 14.044873 14.014167 14.983461 14.952755 14.922049 14.891343 15.860637 15.829931 15.799225 15.768519 15.737813 16.707106 16.676400 16.645694 16.614988 17.584282 17.553576 17.522870 17.492164 18.461458 18.430752 18.400046 18.369340 18.338634 19.307928 19.277222 19.246516 19.215810 20.185104 20.154398 20.123692 20.092986 20.062280 21.031574 21.000868 20.970162 20.939456 21.908750 21.878044 21.847338 21.816632 21.785926 22.755220 22.724514 22.693808 22.663102 23.632396 23.601690 23.570984 23.540278 
0.196383 1.176100 1.155816 1.135532 1.115249 2.094965 2.074682 2.054398 2.034115 2.013831 2.993547 2.973264 2.952980 2.932697 3.912413 3.892130 3.871846 3.851562 3.831279 4.810995 4.790712 4.770428 4.750145 4.729861 5.709578 5.689294 5.669010 5.648727 6.628443 6.608160 6.587876 6.567593 6.547309 7.527025 7.506742 7.486458 7.466175 8.445891 8.425608 8.405324 8.385041 8.364757 9.344473 9.324190 9.303906 9.283623 9.263339 10.243056 10.222772 10.202488 10.182205 11.161921 11.141638 11.121354 11.101071 11.080787 12.060503 12.040220 12.019936 11.999653 11.979369 12.959086 12.938802 12.918519 12.898235 13.877951 13.857668 13.837384 13.817101 13.796817 14.776534 14.756250 14.735966 14.715683 15.695399 15.675116 15.654832 15.634549 15.614265 16.593981 16.573698 16.553414 16.533131 16.512847 17.492564 17.472280 17.451997 17.431713 18.411429 18.391146 18.370862 18.350579 18.330295 19.310012 19.289728 19.269444 19.249161 20.228877 20.208594 20.188310 20.168027 20.147743 21.127459 21.107176 21.086892 21.066609 21.046325 22.026042 22.005758 21.985475 21.965191 22.944907 22.924624 22.904340 22.884057 22.863773 23.843490 23.823206 23.802922 23.782639 
0.198472 1.188611 1.178750 1.168889 1.159028 2.149167 2.139306 2.129444 2.119583 2.109722 3.099861 3.090000 3.080139 3.070278 3.060417 4.050556 4.040694 4.030833 4.020972 4.011111 5.001250 4.991389 4.981528 4.971667 4.961806 5.951944 5.942083 5.932222 5.922361 6.912500 6.902639 6.892778 6.882917 6.873056 7.863194 7.853333 7.843472 7.833611 7.823750 8.813889 8.804028 8.794167 8.784306 8.774444 9.764583 9.754722 9.744861 9.735000 9.725139 10.715278 10.705417 10.695556 10.685694 11.675833 11.665972 11.656111 11.646250 11.636389 12.626528 12.616667 12.606806 12.596944 12.587083 13.577222 13.567361 13.557500 13.547639 13.537778 14.527917 14.518056 14.508194 14.498333 14.488472 15.478611 15.468750 15.458889 15.449028 16.439167 16.429306 16.419444 16.409583 16.399722 17.389861 17.380000 17.370139 17.360278 17.350417 18.340556 18.330694 18.320833 18.310972 18.301111 19.291250 19.281389 19.271528 19.261667 19.251806 20.241944 20.232083 20.222222 20.212361 21.202500 21.192639 21.182778 21.172917 21.163056 22.153194 22.143333 22.133472 22.123611 22.113750 23.103889 23.094028 23.084167 23.074306 23.064444 24.054583 24.044722 24.034861 24.025000 
0.200561 1.201123 1.201684 1.202245 1.202807 1.203368 2.203929 2.204491 2.205052 2.205613 2.206175 3.206736 3.207297 3.207859 3.208420 3.208981 4.209543 4.210104 4.210666 4.211227 4.211788 5.212350 5.212911 5.213472 5.214034 5.214595 6.215156 6.215718 6.216279 6.216840 6.217402 7.217963 7.218524 7.219086 7.219647 7.220208 8.220770 8.221331 8.221892 8.222454 8.223015 9.223576 9.224138 9.224699 9.225260 9.225822 10.226383 10.226944 10.227506 10.228067 10.228628 11.229190 11.229751 11.230313 11.230874 11.231435 12.231997 12.232558 12.233119 12.233681 12.234242 13.234803 13.235365 13.235926 13.236487 13.237049 14.237610 14.238171 14.238733 14.239294 14.239855 15.240417 15.240978 15.241539 15.242101 15.242662 16.243223 16.243785 16.244346 16.244907 16.245469 17.246030 17.246591 17.247153 17.247714 17.248275 18.248837 18.249398 18.249959 18.250521 18.251082 19.251644 19.252205 19.252766 19.253328 19.253889 20.254450 20.255012 20.255573 20.256134 20.256696 21.257257 21.257818 21.258380 21.258941 21.259502 22.260064 22.260625 22.261186 22.261748 22.262309 23.262870 23.263432 23.263993 23.264554 23.265116 24.265677 24.266238 24.266800 24.267361 
0.202650 1.213634 1.224618 1.235602 1.246586 1.257569 2.268553 2.279537 2.290521 2.301505 2.312488 3.323472 3.334456 3.345440 3.356424 3.367407 4.378391 4.389375 4.400359 4.411343 4.422326 5.433310 5.444294 5.455278 5.466262 5.477245 5.488229 6.499213 6.510197 6.521181 6.532164 6.543148 7.554132 7.565116 7.576100 7.587083 7.598067 8.609051 8.620035 8.631019 8.642002 8.652986 9.663970 9.674954 9.685937 9.696921 9.707905 10.718889 10.729873 10.740856 10.751840 10.762824 10.773808 11.784792 11.795775 11.806759 11.817743 11.828727 12.839711 12.850694 12.861678 12.872662 12.883646 13.894630 13.905613 13.916597 13.927581 13.938565 14.949549 14.960532 14.971516 14.982500 14.993484 15.004468 16.015451 16.026435 16.037419 16.048403 16.059387 17.070370 17.081354 17.092338 17.103322 17.114306 18.125289 18.136273 18.147257 18.158241 18.169225 19.180208 19.191192 19.202176 19.213160 19.224144 20.235127 20.246111 20.257095 20.268079 20.279062 20.290046 21.301030 21.312014 21.322998 21.333981 21.344965 22.355949 22.366933 22.377917 22.388900 22.399884 23.410868 23.421852 23.432836 23.443819 23.454803 24.465787 24.476771 24.487755 24.498738 24.509722 
0.204740 1.226146 1.247552 1.268958 1.290365 1.311771 2.333177 2.354583 2.375990 2.397396 2.418802 3.440208 3.461615 3.483021 3.504427 3.525833 3.547240 4.568646 4.590052 4.611458 4.632865 4.654271 5.675677 5.697083 5.718490 5.739896 5.761302 5.782708 6.804115 6.825521 6.846927 6.868333 6.889740 7.911146 7.932552 7.953958 7.975365 7.996771 8.018177 9.039583 9.060990 9.082396 9.103802 9.125208 10.146615 10.168021 10.189427 10.210833 10.232240 10.253646 11.275052 11.296458 11.317865 11.339271 11.360677 12.382083 12.403490 12.424896 12.446302 12.467708 12.489115 13.510521 13.531927 13.553333 13.574740 13.596146 14.617552 14.638958 14.660365 14.681771 14.703177 15.724583 15.745990 15.767396 15.788802 15.810208 15.831615 16.853021 16.874427 16.895833 16.917240 16.938646 17.960052 17.981458 18.002865 18.024271 18.045677 18.067083 19.088490 19.109896 19.131302 19.152708 19.174115 20.195521 20.216927 20.238333 20.259740 20.281146 20.302552 21.323958 21.345365 21.366771 21.388177 21.409583 22.430990 22.452396 22.473802 22.495208 22.516615 22.538021 23.559427 23.580833 23.602240 23.623646 23.645052 24.666458 24.687865 24.709271 24.730677 24.752083 
92.000000 93.000000 94.000000 95.000000 96.000000 97.000000 98.000000 
0.002083 0.004167 0.006250 0.008333 0.010417 0.012500 0.014583 0.016667 0.018750 0.020833 0.022917 0.025000 0.027083 0.029167 0.031250 0.033333 0.035417 0.037500 0.039583 0.041667 0.043750 0.045833 0.047917 0.050000 0.052083 0.054167 0.056250 0.058333 0.060417 0.062500 0.064583 0.066667 0.068750 0.070833 0.072917 0.075000 0.077083 0.079167 0.081250 0.083333 0.085417 0.087500 0.089583 0.091667 0.093750 0.095833 0.097917 0.100000 0.102083 0.104167 0.106250 0.108333 0.110417 0.112500 0.114583 0.116667 0.118750 0.120833 0.122917 0.125000 0.127083 0.129167 0.131250 0.133333 0.135417 0.137500 0.139583 0.141667 0.143750 0.145833 0.147917 0.150000 0.152083 0.154167 0.156250 0.158333 0.160417 0.162500 0.164583 0.166667 0.168750 0.170833 0.172917 0.175000 0.177083 0.179167 0.181250 0.183333 0.185417 0.187500 0.189583 0.191667 0.193750 0.195833 0.197917 0.200000 0.202083 0.204167 0.206250 0.208333 0.210417 0.212500 0.214583 0.216667 0.218750 0.220833 0.222917 0.225000 0.227083 0.229167 0.231250 0.233333 0.235417 0.237500 0.239583 0.241667 0.243750 0.245833 0.247917 0.250000 
0.387500 0.391667 0.395833 0.400000 0.404167 0.408333 0.412500 
0.001389 0.002778 0.004167 0.005556 0.006944 0.008333 0.009722 0.011111 0.012500 0.013889 0.015278 0.016667 0.018056 0.019444 0.020833 0.022222 0.023611 0.025000 0.026389 0.027778 0.029167 0.030556 0.031944 0.033333 0.034722 0.036111 0.037500 0.038889 0.040278 0.041667 0.043056 0.044444 0.045833 0.047222 0.048611 0.050000 0.051389 0.052778 0.054167 0.055556 0.056944 0.058333 0.059722 0.061111 0.062500 0.063889 0.065278 0.066667 0.068056 0.069444 0.070833 0.072222 0.073611 0.075000 0.076389 0.077778 0.079167 0.080556 0.081944 0.083333 0.084722 0.086111 0.087500 0.088889 0.090278 0.091667 0.093056 0.094444 0.095833 0.097222 0.098611 0.100000 0.101389 0.102778 0.104167 0.105556 0.106944 0.108333 0.109722 0.111111 0.112500 0.113889 0.115278 0.116667 0.118056 0.119444 0.120833 0.122222 0.123611 0.125000 0.126389 0.127778 0.129167 0.130556 0.131944 0.133333 0.134722 0.136111 0.137500 0.138889 0.140278 0.141667 0.143056 0.144444 0.145833 0.147222 0.148611 0.150000 0.151389 0.152778 0.154167 0.155556 0.156944 0.158333 0.159722 0.161111 0.162500 0.163889 0.165278 0.166667 
0.000000 0.000000 0.000000 0.000000 0.000000 0.000000 0.000000 
1.505041 9.009665 9.726789 10.943913 12.286037 13.678161 15.095285 16.701159 17.967033 19.632907 20.863781 22.799655 23.773029 25.675152 27.134776 28.149400 29.914024 31.503648 32.998272 34.716646 35.460020 37.618394 39.181768 40.665142 41.316016 43.570640 45.157764 46.644888 48.077012 49.669136 50.106260 52.792134 53.968008 55.663882 57.114756 58.585630 59.804004 61.796128 63.165752 64.540376 64.765000 67.894624 69.119248 70.807622 72.170996 73.244370 75.212744 76.786118 77.406992 79.811616 80.948740 82.675864 84.197988 85.760112 87.097236 88.628110 89.998984 91.664858 93.145732 94.501606 94.094980 98.187104 99.466728 100.871352 102.155976 103.755600 105.210224 106.928598 108.261972 109.860346 111.053720 112.877094 113.527968 115.902592 117.399716 118.376840 120.288964 121.881088 123.188212 124.794086 124.949960 127.995834 129.446708 130.892582 132.045956 133.798080 135.497704 136.872328 138.186952 139.896576 140.371200 143.019573 144.382947 145.891321 147.454695 148.813069 149.618943 152.023567 153.430691 154.917815 155.779939 157.972063 159.309187 161.185061 162.240935 163.471809 165.477683 167.013557 168.076931 169.889055 171.138679 172.903303 174.187927 175.987551 177.212175 178.705549 180.173923 181.592297 182.885671 183.679045 
0.096875 0.097917 0.098958 0.100000 0.101042 0.102083 0.103125 
0.000926 0.001852 0.002778 0.003704 0.004630 0.005556 0.006481 0.007407 0.008333 0.009259 0.010185 0.011111 0.012037 0.012963 0.013889 0.014815 0.015741 0.016667 0.017593 0.018519 0.019444 0.020370 0.021296 0.022222 0.023148 0.024074 0.025000 0.025926 0.026852 0.027778 0.028704 0.029630 0.030556 0.031481 0.032407 0.033333 0.034259 0.035185 0.036111 0.037037 0.037963 0.038889 0.039815 0.040741 0.041667 0.042593 0.043519 0.044444 0.045370 0.046296 0.047222 0.048148 0.049074 0.050000 0.050926 0.051852 0.052778 0.053704 0.054630 0.055556 0.056481 0.057407 0.058333 0.059259 0.060185 0.061111 0.062037 0.062963 0.063889 0.064815 0.065741 0.066667 0.067593 0.068519 0.069444 0.070370 0.071296 0.072222 0.073148 0.074074 0.075000 0.075926 0.076852 0.077778 0.078704 0.079630 0.080556 0.081481 0.082407 0.083333 0.084259 0.085185 0.086111 0.087037 0.087963 0.088889 0.089815 0.090741 0.091667 0.092593 0.093519 0.094444 0.095370 0.096296 0.097222 0.098148 0.099074 0.100000 0.100926 0.101852 0.102778 0.103704 0.104630 0.105556 0.106481 0.107407 0.108333 0.109259 0.110185 0.111111 
