3
120
7
1.500000
1.200000
0.162957 0.975914 0.788872 1.601829 1.414786 1.227743 2.040700 1.853657 1.666615 2.479572 2.292529 2.105486 2.918443 2.731400 2.544358 3.357315 3.170272 2.983229 3.796186 3.609144 3.422101 4.235058 4.048015 4.860972 4.673929 4.486887 5.299844 5.112801 4.925758 5.738715 5.551672 5.364630 6.177587 5.990544 5.803501 6.616458 6.429416 6.242373 7.055330 6.868287 6.681244 7.494201 7.307159 8.120116 7.933073 7.746030 8.558987 8.371944 8.184902 8.997859 8.810816 8.623773 9.436730 9.249688 9.062645 9.875602 9.688559 9.501516 10.314473 10.127431 9.940388 10.753345 10.566302 11.379259 11.192216 11.005174 11.818131 11.631088 11.444045 12.257002 12.069959 11.882917 12.695874 12.508831 12.321788 13.134745 12.947703 12.760660 13.573617 13.386574 13.199531 14.012488 13.825446 14.638403 14.451360 14.264317 15.077274 14.890231 14.703189 15.516146 15.329103 15.142060 15.955017 15.767975 15.580932 16.393889 16.206846 16.019803 16.832760 16.645718 16.458675 17.271632 17.084589 17.897546 17.710503 17.523461 18.336418 18.149375 17.962332 18.775289 18.588247 18.401204 19.214161 19.027118 18.840075 19.653032 19.465990 19.278947 20.091904 19.904861 
0.165046 0.988426 0.811806 1.635185 1.458565 1.281944 2.105324 1.928704 1.752083 2.575463 2.398843 2.222222 3.045602 2.868981 2.692361 3.515741 3.339120 3.162500 3.985880 3.809259 3.632639 4.456019 4.279398 4.102778 4.926157 4.749537 4.572917 5.396296 5.219676 5.043056 5.866435 5.689815 5.513194 6.336574 6.159954 5.983333 6.806713 6.630093 6.453472 7.276852 7.100231 7.923611 7.746991 7.570370 8.393750 8.217130 8.040509 8.863889 8.687269 8.510648 9.334028 9.157407 8.980787 9.804167 9.627546 9.450926 10.274306 10.097685 9.921065 10.744444 10.567824 10.391204 11.214583 11.037963 10.861343 11.684722 11.508102 11.331481 12.154861 11.978241 11.801620 12.625000 12.448380 12.271759 13.095139 12.918519 12.741898 13.565278 13.388657 13.212037 14.035417 13.858796 14.682176 14.505556 14.328935 15.152315 14.975694 14.799074 15.622454 15.445833 15.269213 16.092593 15.915972 15.739352 16.562731 16.386111 16.209491 17.032870 16.856250 16.679630 17.503009 17.326389 17.149769 17.973148 17.796528 17.619907 18.443287 18.266667 18.090046 18.913426 18.736806 18.560185 19.383565 19.206944 19.030324 19.853704 19.677083 19.500463 20.323843 20.147222 
0.167135 1.000938 0.834740 0.668542 1.502344 1.336146 1.169948 2.003750 1.837552 1.671354 2.505156 2.338958 2.172760 3.006562 2.840365 2.674167 3.507969 3.341771 3.175573 4.009375 3.843177 3.676979 4.510781 4.344583 4.178385 5.012188 4.845990 4.679792 5.513594 5.347396 5.181198 6.015000 5.848802 5.682604 6.516406 6.350208 6.184010 7.017812 6.851615 6.685417 7.519219 7.353021 7.186823 8.020625 7.854427 7.688229 8.522031 8.355833 8.189635 9.023438 8.857240 8.691042 9.524844 9.358646 9.192448 10.026250 9.860052 9.693854 10.527656 10.361458 10.195260 11.029063 10.862865 10.696667 11.530469 11.364271 11.198073 12.031875 11.865677 11.699479 12.533281 12.367083 12.200885 13.034688 12.868490 12.702292 13.536094 13.369896 13.203698 14.037500 13.871302 13.705104 14.538906 14.372708 14.206510 15.040313 14.874115 14.707917 15.541719 15.375521 15.209323 16.043125 15.876927 15.710729 16.544531 16.378333 16.212135 17.045938 16.879740 16.713542 17.547344 17.381146 17.214948 18.048750 17.882552 17.716354 18.550156 18.383958 18.217760 19.051562 18.885365 18.719167 19.552969 19.386771 19.220573 20.054375 19.888177 19.721979 20.555781 20.389583 
0.169225 1.013449 0.857674 0.701898 1.546123 1.390347 1.234572 2.078796 1.923021 1.767245 2.611470 2.455694 2.299919 3.144144 2.988368 2.832593 3.676817 3.521042 3.365266 4.209491 4.053715 3.897940 4.742164 4.586389 4.430613 5.274838 5.119063 4.963287 5.807512 5.651736 5.495961 6.340185 6.184410 6.028634 6.872859 6.717083 6.561308 7.405532 7.249757 7.093981 6.938206 7.782431 7.626655 7.470880 8.315104 8.159329 8.003553 8.847778 8.692002 8.536227 9.380451 9.224676 9.068900 9.913125 9.757350 9.601574 10.445799 10.290023 10.134248 10.978472 10.822697 10.666921 11.511146 11.355370 11.199595 12.043819 11.888044 11.732269 12.576493 12.420718 12.264942 13.109167 12.953391 12.797616 13.641840 13.486065 13.330289 14.174514 14.018738 13.862963 13.707188 14.551412 14.395637 14.239861 15.084086 14.928310 14.772535 15.616759 15.460984 15.305208 16.149433 15.993657 15.837882 16.682106 16.526331 16.370556 17.214780 17.059005 16.903229 17.747454 17.591678 17.435903 18.280127 18.124352 17.968576 18.812801 18.657025 18.501250 19.345475 19.189699 19.033924 19.878148 19.722373 19.566597 20.410822 20.255046 20.099271 20.943495 20.787720 20.631944 
0.171314 1.025961 0.880608 0.735255 1.589902 1.444549 1.299196 2.153843 2.008490 1.863137 2.717784 2.572431 2.427078 3.281725 3.136372 2.991019 3.845666 3.700312 3.554959 4.409606 4.264253 4.118900 3.973547 4.828194 4.682841 4.537488 5.392135 5.246782 5.101429 5.956076 5.810723 5.665370 6.520017 6.374664 6.229311 7.083958 6.938605 6.793252 7.647899 7.502546 7.357193 7.211840 8.066487 7.921134 7.775781 8.630428 8.485075 8.339722 9.194369 9.049016 8.903663 9.758310 9.612957 9.467604 10.322251 10.176898 10.031545 10.886192 10.740839 10.595486 10.450133 11.304780 11.159427 11.014074 11.868721 11.723368 11.578015 12.432662 12.287309 12.141956 12.996603 12.851250 12.705897 13.560544 13.415191 13.269838 14.124485 13.979132 13.833779 14.688426 14.543073 14.397720 14.252367 15.107014 14.961661 14.816308 15.670955 15.525602 15.380249 16.234896 16.089543 15.944190 16.798837 16.653484 16.508131 17.362778 17.217425 17.072072 17.926719 17.781366 17.636013 17.490660 18.345307 18.199954 18.054601 18.909248 18.763895 18.618542 19.473189 19.327836 19.182483 20.037130 19.891777 19.746424 20.601071 20.455718 20.310365 21.165012 21.019659 20.874306 
0.173403 1.038472 0.903542 0.768611 1.633681 1.498750 1.363819 2.228889 2.093958 1.959028 2.824097 2.689167 2.554236 3.419306 3.284375 3.149444 3.014514 3.879583 3.744653 3.609722 4.474792 4.339861 4.204931 5.070000 4.935069 4.800139 5.665208 5.530278 5.395347 5.260417 6.125486 5.990556 5.855625 6.720694 6.585764 6.450833 7.315903 7.180972 7.046042 7.911111 7.776181 7.641250 7.506319 8.371389 8.236458 8.101528 8.966597 8.831667 8.696736 9.561806 9.426875 9.291944 10.157014 10.022083 9.887153 9.752222 10.617292 10.482361 10.347431 11.212500 11.077569 10.942639 11.807708 11.672778 11.537847 12.402917 12.267986 12.133056 11.998125 12.863194 12.728264 12.593333 13.458403 13.323472 13.188542 14.053611 13.918681 13.783750 14.648819 14.513889 14.378958 14.244028 15.109097 14.974167 14.839236 15.704306 15.569375 15.434444 16.299514 16.164583 16.029653 16.894722 16.759792 16.624861 16.489931 17.355000 17.220069 17.085139 17.950208 17.815278 17.680347 18.545417 18.410486 18.275556 19.140625 19.005694 18.870764 18.735833 19.600903 19.465972 19.331042 20.196111 20.061181 19.926250 20.791319 20.656389 20.521458 21.386528 21.251597 21.116667 
0.175492 1.050984 0.926476 0.801968 1.677459 1.552951 1.428443 2.303935 2.179427 2.054919 1.930411 2.805903 2.681395 2.556887 3.432378 3.307870 3.183362 4.058854 3.934346 3.809838 3.685330 4.560822 4.436314 4.311806 5.187297 5.062789 4.938281 5.813773 5.689265 5.564757 5.440249 6.315741 6.191233 6.066725 6.942216 6.817708 6.693200 7.568692 7.444184 7.319676 7.195168 8.070660 7.946152 7.821644 8.697135 8.572627 8.448119 9.323611 9.199103 9.074595 8.950087 9.825579 9.701071 9.576563 10.452054 10.327546 10.203038 11.078530 10.954022 10.829514 10.705006 11.580498 11.455990 11.331481 12.206973 12.082465 11.957957 12.833449 12.708941 12.584433 12.459925 13.335417 13.210909 13.086400 13.961892 13.837384 13.712876 14.588368 14.463860 14.339352 14.214844 15.090336 14.965828 14.841319 15.716811 15.592303 15.467795 16.343287 16.218779 16.094271 15.969763 16.845255 16.720747 16.596238 17.471730 17.347222 17.222714 18.098206 17.973698 17.849190 17.724682 18.600174 18.475666 18.351157 19.226649 19.102141 18.977633 19.853125 19.728617 19.604109 19.479601 20.355093 20.230584 20.106076 20.981568 20.857060 20.732552 21.608044 21.483536 21.359028 
78.000000 79.000000 80.000000 81.000000 82.000000 83.000000 84.000000 
0.002083 0.004167 0.006250 0.008333 0.010417 0.012500 0.014583 0.016667 0.018750 0.020833 0.022917 0.025000 0.027083 0.029167 0.031250 0.033333 0.035417 0.037500 0.039583 0.041667 0.043750 0.045833 0.047917 0.050000 0.052083 0.054167 0.056250 0.058333 0.060417 0.062500 0.064583 0.066667 0.068750 0.070833 0.072917 0.075000 0.077083 0.079167 0.081250 0.083333 0.085417 0.087500 0.089583 0.091667 0.093750 0.095833 0.097917 0.100000 0.102083 0.104167 0.106250 0.108333 0.110417 0.112500 0.114583 0.116667 0.118750 0.120833 0.122917 0.125000 0.127083 0.129167 0.131250 0.133333 0.135417 0.137500 0.139583 0.141667 0.143750 0.145833 0.147917 0.150000 0.152083 0.154167 0.156250 0.158333 0.160417 0.162500 0.164583 0.166667 0.168750 0.170833 0.172917 0.175000 0.177083 0.179167 0.181250 0.183333 0.185417 0.187500 0.189583 0.191667 0.193750 0.195833 0.197917 0.200000 0.202083 0.204167 0.206250 0.208333 0.210417 0.212500 0.214583 0.216667 0.218750 0.220833 0.222917 0.225000 0.227083 0.229167 0.231250 0.233333 0.235417 0.237500 0.239583 0.241667 0.243750 0.245833 0.247917 0.250000 
0.329167 0.333333 0.337500 0.341667 0.345833 0.350000 0.354167 
0.001389 0.002778 0.004167 0.005556 0.006944 0.008333 0.009722 0.011111 0.012500 0.013889 0.015278 0.016667 0.018056 0.019444 0.020833 0.022222 0.023611 0.025000 0.026389 0.027778 0.029167 0.030556 0.031944 0.033333 0.034722 0.036111 0.037500 0.038889 0.040278 0.041667 0.043056 0.044444 0.045833 0.047222 0.048611 0.050000 0.051389 0.052778 0.054167 0.055556 0.056944 0.058333 0.059722 0.061111 0.062500 0.063889 0.065278 0.066667 0.068056 0.069444 0.070833 0.072222 0.073611 0.075000 0.076389 0.077778 0.079167 0.080556 0.081944 0.083333 0.084722 0.086111 0.087500 0.088889 0.090278 0.091667 0.093056 0.094444 0.095833 0.097222 0.098611 0.100000 0.101389 0.102778 0.104167 0.105556 0.106944 0.108333 0.109722 0.111111 0.112500 0.113889 0.115278 0.116667 0.118056 0.119444 0.120833 0.122222 0.123611 0.125000 0.126389 0.127778 0.129167 0.130556 0.131944 0.133333 0.134722 0.136111 0.137500 0.138889 0.140278 0.141667 0.143056 0.144444 0.145833 0.147222 0.148611 0.150000 0.151389 0.152778 0.154167 0.155556 0.156944 0.158333 0.159722 0.161111 0.162500 0.163889 0.165278 0.166667 
0.000000 0.000000 0.000000 0.000000 0.000000 0.000000 0.000000 
1.505041 9.009665 9.726789 10.943913 12.286037 13.678161 15.095285 16.701159 17.967033 19.632907 20.863781 22.799655 23.773029 25.675152 27.134776 28.149400 29.914024 31.503648 32.998272 34.716646 35.460020 37.618394 39.181768 40.665142 41.316016 43.570640 45.157764 46.644888 48.077012 49.669136 50.106260 52.792134 53.968008 55.663882 57.114756 58.585630 59.804004 61.796128 63.165752 64.540376 64.765000 67.894624 69.119248 70.807622 72.170996 73.244370 75.212744 76.786118 77.406992 79.811616 80.948740 82.675864 84.197988 85.760112 87.097236 88.628110 89.998984 91.664858 93.145732 94.501606 94.094980 98.187104 99.466728 100.871352 102.155976 103.755600 105.210224 106.928598 108.261972 109.860346 111.053720 112.877094 113.527968 115.902592 117.399716 118.376840 120.288964 121.881088 123.188212 124.794086 124.949960 127.995834 129.446708 130.892582 132.045956 133.798080 135.497704 136.872328 138.186952 139.896576 140.371200 143.019573 144.382947 145.891321 147.454695 148.813069 149.618943 152.023567 153.430691 154.917815 155.779939 157.972063 159.309187 161.185061 162.240935 163.471809 165.477683 167.013557 168.076931 169.889055 171.138679 172.903303 174.187927 175.987551 177.212175 178.705549 180.173923 181.592297 182.885671 183.679045 
0.082292 0.083333 0.084375 0.085417 0.086458 0.087500 0.088542 
0.000926 0.001852 0.002778 0.003704 0.004630 0.005556 0.006481 0.007407 0.008333 0.009259 0.010185 0.011111 0.012037 0.012963 0.013889 0.014815 0.015741 0.016667 0.017593 0.018519 0.019444 0.020370 0.021296 0.022222 0.023148 0.024074 0.025000 0.025926 0.026852 0.027778 0.028704 0.029630 0.030556 0.031481 0.032407 0.033333 0.034259 0.035185 0.036111 0.037037 0.037963 0.038889 0.039815 0.040741 0.041667 0.042593 0.043519 0.044444 0.045370 0.046296 0.047222 0.048148 0.049074 0.050000 0.050926 0.051852 0.052778 0.053704 0.054630 0.055556 0.056481 0.057407 0.058333 0.059259 0.060185 0.061111 0.062037 0.062963 0.063889 0.064815 0.065741 0.066667 0.067593 0.068519 0.069444 0.070370 0.071296 0.072222 0.073148 0.074074 0.075000 0.075926 0.076852 0.077778 0.078704 0.079630 0.080556 0.081481 0.082407 0.083333 0.084259 0.085185 0.086111 0.087037 0.087963 0.088889 0.089815 0.090741 0.091667 0.092593 0.093519 0.094444 0.095370 0.096296 0.097222 0.098148 0.099074 0.100000 0.100926 0.101852 0.102778 0.103704 0.104630 0.105556 0.106481 0.107407 0.108333 0.109259 0.110185 0.111111 
