3
120
8
1.500000
1.200000
0.116997 0.700660 1.284323 0.867986 1.451649 1.035313 1.618976 1.202639 1.786302 1.369965 1.953628 1.537292 2.120955 1.704618 2.288281 1.871944 2.455608 3.039271 2.622934 3.206597 2.790260 3.373924 2.957587 3.541250 3.124913 3.708576 3.292240 3.875903 3.459566 4.043229 3.626892 4.210556 4.794219 4.377882 4.961545 4.545208 5.128872 4.712535 5.296198 4.879861 5.463524 5.047187 5.630851 5.214514 5.798177 5.381840 5.965503 6.549167 6.132830 6.716493 6.300156 6.883819 6.467483 7.051146 6.634809 7.218472 6.802135 7.385799 6.969462 7.553125 7.136788 7.720451 8.304115 7.887778 8.471441 8.055104 8.638767 8.222431 8.806094 8.389757 8.973420 8.557083 9.140747 8.724410 9.308073 8.891736 9.475399 10.059062 9.642726 10.226389 9.810052 10.393715 9.977378 10.561042 10.144705 10.728368 10.312031 10.895694 10.479358 11.063021 10.646684 11.230347 11.814010 11.397674 11.981337 11.565000 12.148663 11.732326 12.315990 11.899653 12.483316 12.066979 12.650642 12.234306 12.817969 12.401632 12.985295 13.568958 13.152622 13.736285 13.319948 13.903611 13.487274 14.070937 13.654601 14.238264 13.821927 14.405590 13.989253 14.572917 
0.119086 0.713171 1.307257 0.901343 1.495428 1.089514 1.683600 1.277685 1.871771 1.465856 2.059942 1.654028 2.248113 1.842199 2.436285 2.030370 2.624456 2.218542 2.812627 2.406713 3.000799 3.594884 3.188970 3.783056 3.377141 3.971227 3.565313 4.159398 3.753484 4.347569 3.941655 4.535741 4.129826 4.723912 4.317998 4.912083 4.506169 5.100255 4.694340 5.288426 4.882512 5.476597 6.070683 5.664769 6.258854 5.852940 6.447025 6.041111 6.635197 6.229282 6.823368 6.417454 7.011539 6.605625 7.199711 6.793796 7.387882 6.981968 7.576053 7.170139 7.764225 8.358310 7.952396 8.546481 8.140567 8.734653 8.328738 8.922824 8.516910 9.110995 8.705081 9.299167 8.893252 9.487338 9.081424 9.675509 9.269595 9.863681 9.457766 10.051852 9.645938 10.240023 10.834109 10.428194 11.022280 10.616366 11.210451 10.804537 11.398623 10.992708 11.586794 11.180880 11.774965 11.369051 11.963137 11.557222 12.151308 11.745394 12.339479 11.933565 12.527650 13.121736 12.715822 13.309907 12.903993 13.498079 13.092164 13.686250 13.280336 13.874421 13.468507 14.062593 13.656678 14.250764 13.844850 14.438935 14.033021 14.627106 14.221192 14.815278 
0.121175 0.725683 1.330191 0.934699 1.539207 1.143715 1.748223 1.352731 1.957240 1.561748 2.166256 1.770764 2.375272 1.979780 2.584288 2.188796 2.793304 2.397813 3.002321 2.606829 3.211337 2.815845 3.420353 3.024861 3.629369 3.233877 3.838385 3.442894 4.047402 3.651910 4.256418 4.860926 4.465434 5.069942 4.674450 5.278958 4.883466 5.487975 5.092483 5.696991 5.301499 5.906007 5.510515 6.115023 5.719531 6.324039 5.928547 6.533056 6.137564 6.742072 6.346580 6.951088 6.555596 7.160104 6.764612 7.369120 6.973628 7.578137 7.182645 7.787153 7.391661 7.996169 8.600677 8.205185 8.809693 8.414201 9.018709 8.623218 9.227726 8.832234 9.436742 9.041250 9.645758 9.250266 9.854774 9.459282 10.063791 9.668299 10.272807 9.877315 10.481823 10.086331 10.690839 10.295347 10.899855 10.504363 11.108872 10.713380 11.317888 10.922396 11.526904 12.131412 11.735920 12.340428 11.944936 12.549444 12.153953 12.758461 12.362969 12.967477 12.571985 13.176493 12.781001 13.385509 12.990017 13.594525 13.199034 13.803542 13.408050 14.012558 13.617066 14.221574 13.826082 14.430590 14.035098 14.639606 14.244115 14.848623 14.453131 15.057639 
0.123264 0.738194 1.353125 0.968056 1.582986 1.197917 1.812847 1.427778 2.042708 1.657639 2.272569 1.887500 2.502431 2.117361 2.732292 2.347222 2.962153 2.577083 3.192014 2.806944 3.421875 3.036806 3.651736 3.266667 3.881597 3.496528 4.111458 3.726389 4.341319 3.956250 4.571181 4.186111 4.801042 4.415972 5.030903 4.645833 5.260764 4.875694 5.490625 5.105556 5.720486 5.335417 5.950347 5.565278 6.180208 5.795139 6.410069 6.025000 6.639931 6.254861 6.869792 6.484722 7.099653 6.714583 7.329514 6.944444 7.559375 7.174306 7.789236 7.404167 8.019097 8.634028 8.248958 8.863889 8.478819 9.093750 8.708681 9.323611 8.938542 9.553472 9.168403 9.783333 9.398264 10.013194 9.628125 10.243056 9.857986 10.472917 10.087847 10.702778 10.317708 10.932639 10.547569 11.162500 10.777431 11.392361 11.007292 11.622222 11.237153 11.852083 11.467014 12.081944 11.696875 12.311806 11.926736 12.541667 12.156597 12.771528 12.386458 13.001389 12.616319 13.231250 12.846181 13.461111 13.076042 13.690972 13.305903 13.920833 13.535764 14.150694 13.765625 14.380556 13.995486 14.610417 14.225347 14.840278 14.455208 15.070139 14.685069 15.300000 
0.125353 0.750706 0.376059 1.001412 0.626765 1.252118 0.877471 1.502824 1.128177 1.753530 1.378883 2.004236 1.629589 2.254942 1.880295 2.505648 2.131001 2.756354 2.381707 3.007060 2.632413 3.257766 2.883119 3.508472 3.133825 3.759178 3.384531 4.009884 3.635237 4.260590 3.885943 4.511296 4.136649 4.762002 4.387355 5.012708 4.638061 5.263414 4.888767 5.514120 5.139473 5.764826 5.390179 6.015532 5.640885 6.266238 5.891591 6.516944 6.142297 6.767650 6.393003 7.018356 6.643709 7.269063 6.894416 7.519769 7.145122 7.770475 7.395828 8.021181 7.646534 8.271887 7.897240 8.522593 8.147946 8.773299 8.398652 9.024005 8.649358 9.274711 8.900064 9.525417 9.150770 9.776123 9.401476 10.026829 9.652182 10.277535 9.902888 10.528241 10.153594 10.778947 10.404300 11.029653 10.655006 11.280359 10.905712 11.531065 11.156418 11.781771 11.407124 12.032477 11.657830 12.283183 11.908536 12.533889 12.159242 12.784595 12.409948 13.035301 12.660654 13.286007 12.911360 13.536713 13.162066 13.787419 13.412772 14.038125 13.663478 14.288831 13.914184 14.539537 14.164890 14.790243 14.415596 15.040949 14.666302 15.291655 14.917008 15.542361 
0.127442 0.763218 0.398993 1.034769 0.670544 1.306319 0.942095 1.577870 1.213646 1.849421 1.485197 2.120972 1.756748 2.392523 2.028299 2.664074 2.299850 2.935625 2.571400 3.207176 2.842951 3.478727 3.114502 3.750278 3.386053 4.021829 3.657604 4.293380 3.929155 4.564931 4.200706 4.836481 4.472257 5.108032 4.743808 5.379583 5.015359 5.651134 5.286910 5.922685 5.558461 6.194236 5.830012 6.465787 6.101562 6.737338 6.373113 7.008889 6.644664 7.280440 6.916215 7.551991 7.187766 7.823542 7.459317 8.095093 7.730868 8.366644 8.002419 8.638194 8.273970 7.909745 8.545521 8.181296 8.817072 8.452847 9.088623 8.724398 9.360174 8.995949 9.631725 9.267500 9.903275 9.539051 10.174826 9.810602 10.446377 10.082153 10.717928 10.353704 10.989479 10.625255 11.261030 10.896806 11.532581 11.168356 11.804132 11.439907 12.075683 11.711458 12.347234 11.983009 12.618785 12.254560 12.890336 12.526111 13.161887 12.797662 13.433437 13.069213 13.704988 13.340764 13.976539 13.612315 14.248090 13.883866 14.519641 14.155417 14.791192 14.426968 15.062743 14.698519 15.334294 14.970069 15.605845 15.241620 15.877396 15.513171 16.148947 15.784722 
0.129531 0.775729 0.421927 1.068125 0.714323 1.360521 1.006719 1.652917 1.299115 1.945312 1.591510 2.237708 1.883906 2.530104 2.176302 2.822500 2.468698 3.114896 2.761094 3.407292 3.053490 3.699687 3.345885 3.992083 3.638281 4.284479 3.930677 4.576875 4.223073 4.869271 4.515469 4.161667 4.807865 4.454063 5.100260 4.746458 5.392656 5.038854 5.685052 5.331250 5.977448 5.623646 6.269844 5.916042 6.562240 6.208438 6.854635 6.500833 7.147031 6.793229 7.439427 7.085625 7.731823 7.378021 8.024219 7.670417 8.316615 7.962813 8.609010 8.255208 7.901406 8.547604 8.193802 8.840000 8.486198 9.132396 8.778594 9.424792 9.070990 9.717188 9.363385 10.009583 9.655781 10.301979 9.948177 10.594375 10.240573 10.886771 10.532969 11.179167 10.825365 11.471562 11.117760 11.763958 11.410156 12.056354 11.702552 12.348750 11.994948 12.641146 12.287344 11.933542 12.579740 12.225938 12.872135 12.518333 13.164531 12.810729 13.456927 13.103125 13.749323 13.395521 14.041719 13.687917 14.334115 13.980313 14.626510 14.272708 14.918906 14.565104 15.211302 14.857500 15.503698 15.149896 15.796094 15.442292 16.088490 15.734687 16.380885 16.027083 
0.131620 0.788241 0.444861 1.101481 0.758102 1.414722 1.071343 1.727963 1.384583 2.041204 1.697824 2.354444 2.011065 2.667685 2.324306 2.980926 2.637546 3.294167 2.950787 3.607407 3.264028 2.920648 3.577269 3.233889 3.890509 3.547130 4.203750 3.860370 4.516991 4.173611 4.830231 4.486852 5.143472 4.800093 5.456713 5.113333 5.769954 5.426574 6.083194 5.739815 5.396435 6.053056 5.709676 6.366296 6.022917 6.679537 6.336157 6.992778 6.649398 7.306019 6.962639 7.619259 7.275880 7.932500 7.589120 8.245741 7.902361 8.558981 8.215602 8.872222 8.528843 8.185463 8.842083 8.498704 9.155324 8.811944 9.468565 9.125185 9.781806 9.438426 10.095046 9.751667 10.408287 10.064907 10.721528 10.378148 11.034769 10.691389 11.348009 11.004630 10.661250 11.317870 10.974491 11.631111 11.287731 11.944352 11.600972 12.257593 11.914213 12.570833 12.227454 12.884074 12.540694 13.197315 12.853935 13.510556 13.167176 13.823796 13.480417 14.137037 13.793657 13.450278 14.106898 13.763519 14.420139 14.076759 14.733380 14.390000 15.046620 14.703241 15.359861 15.016481 15.673102 15.329722 15.986343 15.642963 16.299583 15.956204 16.612824 16.269444 
56.000000 57.000000 58.000000 59.000000 60.000000 61.000000 62.000000 63.000000 
0.002083 0.004167 0.006250 0.008333 0.010417 0.012500 0.014583 0.016667 0.018750 0.020833 0.022917 0.025000 0.027083 0.029167 0.031250 0.033333 0.035417 0.037500 0.039583 0.041667 0.043750 0.045833 0.047917 0.050000 0.052083 0.054167 0.056250 0.058333 0.060417 0.062500 0.064583 0.066667 0.068750 0.070833 0.072917 0.075000 0.077083 0.079167 0.081250 0.083333 0.085417 0.087500 0.089583 0.091667 0.093750 0.095833 0.097917 0.100000 0.102083 0.104167 0.106250 0.108333 0.110417 0.112500 0.114583 0.116667 0.118750 0.120833 0.122917 0.125000 0.127083 0.129167 0.131250 0.133333 0.135417 0.137500 0.139583 0.141667 0.143750 0.145833 0.147917 0.150000 0.152083 0.154167 0.156250 0.158333 0.160417 0.162500 0.164583 0.166667 0.168750 0.170833 0.172917 0.175000 0.177083 0.179167 0.181250 0.183333 0.185417 0.187500 0.189583 0.191667 0.193750 0.195833 0.197917 0.200000 0.202083 0.204167 0.206250 0.208333 0.210417 0.212500 0.214583 0.216667 0.218750 0.220833 0.222917 0.225000 0.227083 0.229167 0.231250 0.233333 0.235417 0.237500 0.239583 0.241667 0.243750 0.245833 0.247917 0.250000 
0.237500 0.241667 0.245833 0.250000 0.254167 0.258333 0.262500 0.266667 
0.001389 0.002778 0.004167 0.005556 0.006944 0.008333 0.009722 0.011111 0.012500 0.013889 0.015278 0.016667 0.018056 0.019444 0.020833 0.022222 0.023611 0.025000 0.026389 0.027778 0.029167 0.030556 0.031944 0.033333 0.034722 0.036111 0.037500 0.038889 0.040278 0.041667 0.043056 0.044444 0.045833 0.047222 0.048611 0.050000 0.051389 0.052778 0.054167 0.055556 0.056944 0.058333 0.059722 0.061111 0.062500 0.063889 0.065278 0.066667 0.068056 0.069444 0.070833 0.072222 0.073611 0.075000 0.076389 0.077778 0.079167 0.080556 0.081944 0.083333 0.084722 0.086111 0.087500 0.088889 0.090278 0.091667 0.093056 0.094444 0.095833 0.097222 0.098611 0.100000 0.101389 0.102778 0.104167 0.105556 0.106944 0.108333 0.109722 0.111111 0.112500 0.113889 0.115278 0.116667 0.118056 0.119444 0.120833 0.122222 0.123611 0.125000 0.126389 0.127778 0.129167 0.130556 0.131944 0.133333 0.134722 0.136111 0.137500 0.138889 0.140278 0.141667 0.143056 0.144444 0.145833 0.147222 0.148611 0.150000 0.151389 0.152778 0.154167 0.155556 0.156944 0.158333 0.159722 0.161111 0.162500 0.163889 0.165278 0.166667 
0.000000 0.000000 0.000000 0.000000 0.000000 0.000000 0.000000 0.000000 
1.505041 9.009665 9.726789 10.943913 12.286037 13.678161 15.095285 16.701159 17.967033 19.632907 20.863781 22.799655 23.773029 25.675152 27.134776 28.149400 29.914024 31.503648 32.998272 34.716646 35.460020 37.618394 39.181768 40.665142 41.316016 43.570640 45.157764 46.644888 48.077012 49.669136 50.106260 52.792134 53.968008 55.663882 57.114756 58.585630 59.804004 61.796128 63.165752 64.540376 64.765000 67.894624 69.119248 70.807622 72.170996 73.244370 75.212744 76.786118 77.406992 79.811616 80.948740 82.675864 84.197988 85.760112 87.097236 88.628110 89.998984 91.664858 93.145732 94.501606 94.094980 98.187104 99.466728 100.871352 102.155976 103.755600 105.210224 106.928598 108.261972 109.860346 111.053720 112.877094 113.527968 115.902592 117.399716 118.376840 120.288964 121.881088 123.188212 124.794086 124.949960 127.995834 129.446708 130.892582 132.045956 133.798080 135.497704 136.872328 138.186952 139.896576 140.371200 143.019573 144.382947 145.891321 147.454695 148.813069 149.618943 152.023567 153.430691 154.917815 155.779939 157.972063 159.309187 161.185061 162.240935 163.471809 165.477683 167.013557 168.076931 169.889055 171.138679 172.903303 174.187927 175.987551 177.212175 178.705549 180.173923 181.592297 182.885671 183.679045 
0.059375 0.060417 0.061458 0.062500 0.063542 0.064583 0.065625 0.066667 
0.000926 0.001852 0.002778 0.003704 0.004630 0.005556 0.006481 0.007407 0.008333 0.009259 0.010185 0.011111 0.012037 0.012963 0.013889 0.014815 0.015741 0.016667 0.017593 0.018519 0.019444 0.020370 0.021296 0.022222 0.023148 0.024074 0.025000 0.025926 0.026852 0.027778 0.028704 0.029630 0.030556 0.031481 0.032407 0.033333 0.034259 0.035185 0.036111 0.037037 0.037963 0.038889 0.039815 0.040741 0.041667 0.042593 0.043519 0.044444 0.045370 0.046296 0.047222 0.048148 0.049074 0.050000 0.050926 0.051852 0.052778 0.053704 0.054630 0.055556 0.056481 0.057407 0.058333 0.059259 0.060185 0.061111 0.062037 0.062963 0.063889 0.064815 0.065741 0.066667 0.067593 0.068519 0.069444 0.070370 0.071296 0.072222 0.073148 0.074074 0.075000 0.075926 0.076852 0.077778 0.078704 0.079630 0.080556 0.081481 0.082407 0.083333 0.084259 0.085185 0.086111 0.087037 0.087963 0.088889 0.089815 0.090741 0.091667 0.092593 0.093519 0.094444 0.095370 0.096296 0.097222 0.098148 0.099074 0.100000 0.100926 0.101852 0.102778 0.103704 0.104630 0.105556 0.106481 0.107407 0.108333 0.109259 0.110185 0.111111 
