3
120
7
1.500000
1.200000
0.177581 1.063495 0.949410 0.835324 1.721238 1.607153 1.493067 2.378981 2.264896 2.150810 2.036725 2.922639 2.808553 2.694468 3.580382 3.466296 3.352211 3.238125 4.124039 4.009954 3.895868 4.781782 4.667697 4.553611 4.439525 5.325440 5.211354 5.097269 5.983183 5.869097 5.755012 6.640926 6.526840 6.412755 6.298669 7.184583 7.070498 6.956412 7.842326 7.728241 7.614155 7.500069 8.385984 8.271898 8.157812 9.043727 8.929641 8.815556 8.701470 9.587384 9.473299 9.359213 10.245127 10.131042 10.016956 10.902870 10.788785 10.674699 10.560613 11.446528 11.332442 11.218356 12.104271 11.990185 11.876100 11.762014 12.647928 12.533843 12.419757 13.305671 13.191586 13.077500 12.963414 13.849329 13.735243 13.621157 14.507072 14.392986 14.278900 15.164815 15.050729 14.936644 14.822558 15.708472 15.594387 15.480301 16.366215 16.252130 16.138044 16.023958 16.909873 16.795787 16.681701 17.567616 17.453530 17.339444 17.225359 18.111273 17.997188 17.883102 18.769016 18.654931 18.540845 19.426759 19.312674 19.198588 19.084502 19.970417 19.856331 19.742245 20.628160 20.514074 20.399988 20.285903 21.171817 21.057731 20.943646 21.829560 21.715475 21.601389 
0.179670 1.076007 0.972344 0.868681 1.765017 1.661354 1.557691 1.454028 2.350365 2.246701 2.143038 3.039375 2.935712 2.832049 2.728385 3.624722 3.521059 3.417396 4.313733 4.210069 4.106406 4.002743 4.899080 4.795417 4.691753 5.588090 5.484427 5.380764 5.277101 6.173437 6.069774 5.966111 6.862448 6.758785 6.655122 6.551458 7.447795 7.344132 7.240469 8.136806 8.033142 7.929479 7.825816 8.722153 8.618490 8.514826 9.411163 9.307500 9.203837 9.100174 9.996510 9.892847 9.789184 10.685521 10.581858 10.478194 10.374531 11.270868 11.167205 11.063542 10.959878 11.856215 11.752552 11.648889 12.545226 12.441563 12.337899 12.234236 13.130573 13.026910 12.923247 13.819583 13.715920 13.612257 13.508594 14.404931 14.301267 14.197604 15.093941 14.990278 14.886615 14.782951 15.679288 15.575625 15.471962 16.368299 16.264635 16.160972 16.057309 16.953646 16.849983 16.746319 17.642656 17.538993 17.435330 17.331667 18.228003 18.124340 18.020677 18.917014 18.813351 18.709687 18.606024 19.502361 19.398698 19.295035 20.191372 20.087708 19.984045 19.880382 20.776719 20.673056 20.569392 21.465729 21.362066 21.258403 21.154740 22.051076 21.947413 21.843750 
0.181759 1.088519 0.995278 0.902037 1.808796 1.715556 1.622315 1.529074 2.435833 2.342593 2.249352 3.156111 3.062870 2.969630 2.876389 3.783148 3.689907 3.596667 3.503426 4.410185 4.316944 4.223704 5.130463 5.037222 4.943981 4.850741 5.757500 5.664259 5.571019 5.477778 6.384537 6.291296 6.198056 7.104815 7.011574 6.918333 6.825093 7.731852 7.638611 7.545370 7.452130 8.358889 8.265648 8.172407 9.079167 8.985926 8.892685 8.799444 9.706204 9.612963 9.519722 10.426481 10.333241 10.240000 10.146759 11.053519 10.960278 10.867037 10.773796 11.680556 11.587315 11.494074 12.400833 12.307593 12.214352 12.121111 13.027870 12.934630 12.841389 12.748148 13.654907 13.561667 13.468426 14.375185 14.281944 14.188704 14.095463 15.002222 14.908981 14.815741 14.722500 15.629259 15.536019 15.442778 16.349537 16.256296 16.163056 16.069815 16.976574 16.883333 16.790093 17.696852 17.603611 17.510370 17.417130 18.323889 18.230648 18.137407 18.044167 18.950926 18.857685 18.764444 19.671204 19.577963 19.484722 19.391481 20.298241 20.205000 20.111759 20.018519 20.925278 20.832037 20.738796 21.645556 21.552315 21.459074 21.365833 22.272593 22.179352 22.086111 
0.183848 1.101030 1.018212 0.935394 1.852575 1.769757 1.686939 1.604120 2.521302 2.438484 2.355666 2.272847 3.190029 3.107211 3.024392 2.941574 3.858756 3.775937 3.693119 4.610301 4.527483 4.444664 4.361846 5.279028 5.196209 5.113391 5.030573 5.947755 5.864936 5.782118 5.699300 6.616481 6.533663 6.450845 7.368027 7.285208 7.202390 7.119572 8.036753 7.953935 7.871117 7.788299 8.705480 8.622662 8.539844 8.457025 9.374207 9.291389 9.208571 10.125752 10.042934 9.960116 9.877297 10.794479 10.711661 10.628843 10.546024 11.463206 11.380388 11.297569 11.214751 12.131933 12.049115 11.966296 12.883478 12.800660 12.717841 12.635023 13.552205 13.469387 13.386568 13.303750 14.220932 14.138113 14.055295 13.972477 14.889659 14.806840 14.724022 15.641204 15.558385 15.475567 15.392749 16.309931 16.227112 16.144294 16.061476 16.978657 16.895839 16.813021 16.730203 17.647384 17.564566 17.481748 18.398929 18.316111 18.233293 18.150475 19.067656 18.984838 18.902020 18.819201 19.736383 19.653565 19.570747 19.487928 20.405110 20.322292 20.239473 21.156655 21.073837 20.991019 20.908200 21.825382 21.742564 21.659745 21.576927 22.494109 22.411291 22.328472 
0.185938 1.113542 1.041146 0.968750 1.896354 1.823958 1.751562 1.679167 2.606771 2.534375 2.461979 2.389583 3.317188 3.244792 3.172396 3.100000 4.027604 3.955208 3.882812 3.810417 4.738021 4.665625 4.593229 4.520833 5.448437 5.376042 5.303646 5.231250 6.158854 6.086458 6.014063 6.941667 6.869271 6.796875 6.724479 7.652083 7.579688 7.507292 7.434896 8.362500 8.290104 8.217708 8.145312 9.072917 9.000521 8.928125 8.855729 9.783333 9.710938 9.638542 9.566146 10.493750 10.421354 10.348958 10.276563 11.204167 11.131771 11.059375 10.986979 11.914583 11.842187 11.769792 12.697396 12.625000 12.552604 12.480208 13.407813 13.335417 13.263021 13.190625 14.118229 14.045833 13.973437 13.901042 14.828646 14.756250 14.683854 14.611458 15.539062 15.466667 15.394271 15.321875 16.249479 16.177083 16.104688 16.032292 16.959896 16.887500 16.815104 16.742708 17.670312 17.597917 17.525521 18.453125 18.380729 18.308333 18.235937 19.163542 19.091146 19.018750 18.946354 19.873958 19.801562 19.729167 19.656771 20.584375 20.511979 20.439583 20.367188 21.294792 21.222396 21.150000 21.077604 22.005208 21.932813 21.860417 21.788021 22.715625 22.643229 22.570833 
0.188027 1.126053 1.064080 1.002106 0.940133 1.878160 1.816186 1.754213 1.692240 2.630266 2.568293 2.506319 2.444346 3.382373 3.320399 3.258426 3.196453 4.134479 4.072506 4.010532 3.948559 4.886586 4.824612 4.762639 4.700666 5.638692 5.576719 5.514745 5.452772 6.390799 6.328825 6.266852 6.204878 7.142905 7.080932 7.018958 6.956985 7.895012 7.833038 7.771065 7.709091 8.647118 8.585145 8.523171 8.461198 9.399225 9.337251 9.275278 9.213304 10.151331 10.089358 10.027384 9.965411 10.903438 10.841464 10.779491 10.717517 11.655544 11.593571 11.531597 11.469624 12.407650 12.345677 12.283704 12.221730 13.159757 13.097784 13.035810 12.973837 13.911863 13.849890 13.787917 13.725943 14.663970 14.601997 14.540023 14.478050 15.416076 15.354103 15.292130 15.230156 16.168183 16.106209 16.044236 15.982263 16.920289 16.858316 16.796343 16.734369 17.672396 17.610422 17.548449 17.486476 18.424502 18.362529 18.300556 18.238582 19.176609 19.114635 19.052662 18.990689 19.928715 19.866742 19.804769 19.742795 20.680822 20.618848 20.556875 20.494902 21.432928 21.370955 21.308981 21.247008 22.185035 22.123061 22.061088 21.999115 22.937141 22.875168 22.813194 
0.190116 1.138565 1.087014 1.035463 0.983912 1.932361 1.880810 1.829259 1.777708 2.726157 2.674606 2.623056 2.571505 3.519954 3.468403 3.416852 3.365301 4.313750 4.262199 4.210648 4.159097 5.107546 5.055995 5.004444 4.952894 5.901343 5.849792 5.798241 5.746690 6.695139 6.643588 6.592037 6.540486 6.488935 7.437384 7.385833 7.334282 7.282731 8.231181 8.179630 8.128079 8.076528 9.024977 8.973426 8.921875 8.870324 9.818773 9.767222 9.715671 9.664120 10.612569 10.561019 10.509468 10.457917 11.406366 11.354815 11.303264 11.251713 12.200162 12.148611 12.097060 12.045509 11.993958 12.942407 12.890856 12.839306 12.787755 13.736204 13.684653 13.633102 13.581551 14.530000 14.478449 14.426898 14.375347 15.323796 15.272245 15.220694 15.169144 16.117593 16.066042 16.014491 15.962940 16.911389 16.859838 16.808287 16.756736 17.705185 17.653634 17.602083 17.550532 17.498981 18.447431 18.395880 18.344329 18.292778 19.241227 19.189676 19.138125 19.086574 20.035023 19.983472 19.931921 19.880370 20.828819 20.777269 20.725718 20.674167 21.622616 21.571065 21.519514 21.467963 22.416412 22.364861 22.313310 22.261759 23.210208 23.158657 23.107106 23.055556 
85.000000 86.000000 87.000000 88.000000 89.000000 90.000000 91.000000 
0.002083 0.004167 0.006250 0.008333 0.010417 0.012500 0.014583 0.016667 0.018750 0.020833 0.022917 0.025000 0.027083 0.029167 0.031250 0.033333 0.035417 0.037500 0.039583 0.041667 0.043750 0.045833 0.047917 0.050000 0.052083 0.054167 0.056250 0.058333 0.060417 0.062500 0.064583 0.066667 0.068750 0.070833 0.072917 0.075000 0.077083 0.079167 0.081250 0.083333 0.085417 0.087500 0.089583 0.091667 0.093750 0.095833 0.097917 0.100000 0.102083 0.104167 0.106250 0.108333 0.110417 0.112500 0.114583 0.116667 0.118750 0.120833 0.122917 0.125000 0.127083 0.129167 0.131250 0.133333 0.135417 0.137500 0.139583 0.141667 0.143750 0.145833 0.147917 0.150000 0.152083 0.154167 0.156250 0.158333 0.160417 0.162500 0.164583 0.166667 0.168750 0.170833 0.172917 0.175000 0.177083 0.179167 0.181250 0.183333 0.185417 0.187500 0.189583 0.191667 0.193750 0.195833 0.197917 0.200000 0.202083 0.204167 0.206250 0.208333 0.210417 0.212500 0.214583 0.216667 0.218750 0.220833 0.222917 0.225000 0.227083 0.229167 0.231250 0.233333 0.235417 0.237500 0.239583 0.241667 0.243750 0.245833 0.247917 0.250000 
0.358333 0.362500 0.366667 0.370833 0.375000 0.379167 0.383333 
0.001389 0.002778 0.004167 0.005556 0.006944 0.008333 0.009722 0.011111 0.012500 0.013889 0.015278 0.016667 0.018056 0.019444 0.020833 0.022222 0.023611 0.025000 0.026389 0.027778 0.029167 0.030556 0.031944 0.033333 0.034722 0.036111 0.037500 0.038889 0.040278 0.041667 0.043056 0.044444 0.045833 0.047222 0.048611 0.050000 0.051389 0.052778 0.054167 0.055556 0.056944 0.058333 0.059722 0.061111 0.062500 0.063889 0.065278 0.066667 0.068056 0.069444 0.070833 0.072222 0.073611 0.075000 0.076389 0.077778 0.079167 0.080556 0.081944 0.083333 0.084722 0.086111 0.087500 0.088889 0.090278 0.091667 0.093056 0.094444 0.095833 0.097222 0.098611 0.100000 0.101389 0.102778 0.104167 0.105556 0.106944 0.108333 0.109722 0.111111 0.112500 0.113889 0.115278 0.116667 0.118056 0.119444 0.120833 0.122222 0.123611 0.125000 0.126389 0.127778 0.129167 0.130556 0.131944 0.133333 0.134722 0.136111 0.137500 0.138889 0.140278 0.141667 0.143056 0.144444 0.145833 0.147222 0.148611 0.150000 0.151389 0.152778 0.154167 0.155556 0.156944 0.158333 0.159722 0.161111 0.162500 0.163889 0.165278 0.166667 
0.000000 0.000000 0.000000 0.000000 0.000000 0.000000 0.000000 
1.505041 9.009665 9.726789 10.943913 12.286037 13.678161 15.095285 16.701159 17.967033 19.632907 20.863781 22.799655 23.773029 25.675152 27.134776 28.149400 29.914024 31.503648 32.998272 34.716646 35.460020 37.618394 39.181768 40.665142 41.316016 43.570640 45.157764 46.644888 48.077012 49.669136 50.106260 52.792134 53.968008 55.663882 57.114756 58.585630 59.804004 61.796128 63.165752 64.540376 64.765000 67.894624 69.119248 70.807622 72.170996 73.244370 75.212744 76.786118 77.406992 79.811616 80.948740 82.675864 84.197988 85.760112 87.097236 88.628110 89.998984 91.664858 93.145732 94.501606 94.094980 98.187104 99.466728 100.871352 102.155976 103.755600 105.210224 106.928598 108.261972 109.860346 111.053720 112.877094 113.527968 115.902592 117.399716 118.376840 120.288964 121.881088 123.188212 124.794086 124.949960 127.995834 129.446708 130.892582 132.045956 133.798080 135.497704 136.872328 138.186952 139.896576 140.371200 143.019573 144.382947 145.891321 147.454695 148.813069 149.618943 152.023567 153.430691 154.917815 155.779939 157.972063 159.309187 161.185061 162.240935 163.471809 165.477683 167.013557 168.076931 169.889055 171.138679 172.903303 174.187927 175.987551 177.212175 178.705549 180.173923 181.592297 182.885671 183.679045 
0.089583 0.090625 0.091667 0.092708 0.093750 0.094792 0.095833 
0.000926 0.001852 0.002778 0.003704 0.004630 0.005556 0.006481 0.007407 0.008333 0.009259 0.010185 0.011111 0.012037 0.012963 0.013889 0.014815 0.015741 0.016667 0.017593 0.018519 0.019444 0.020370 0.021296 0.022222 0.023148 0.024074 0.025000 0.025926 0.026852 0.027778 0.028704 0.029630 0.030556 0.031481 0.032407 0.033333 0.034259 0.035185 0.036111 0.037037 0.037963 0.038889 0.039815 0.040741 0.041667 0.042593 0.043519 0.044444 0.045370 0.046296 0.047222 0.048148 0.049074 0.050000 0.050926 0.051852 0.052778 0.053704 0.054630 0.055556 0.056481 0.057407 0.058333 0.059259 0.060185 0.061111 0.062037 0.062963 0.063889 0.064815 0.065741 0.066667 0.067593 0.068519 0.069444 0.070370 0.071296 0.072222 0.073148 0.074074 0.075000 0.075926 0.076852 0.077778 0.078704 0.079630 0.080556 0.081481 0.082407 0.083333 0.084259 0.085185 0.086111 0.087037 0.087963 0.088889 0.089815 0.090741 0.091667 0.092593 0.093519 0.094444 0.095370 0.096296 0.097222 0.098148 0.099074 0.100000 0.100926 0.101852 0.102778 0.103704 0.104630 0.105556 0.106481 0.107407 0.108333 0.109259 0.110185 0.111111 
