3
120
7
1.500000
1.200000
0.206829 1.238657 1.270486 1.302315 1.334144 1.365972 2.397801 2.429630 2.461458 2.493287 2.525116 2.556944 3.588773 3.620602 3.652431 3.684259 3.716088 3.747917 4.779745 4.811574 4.843403 4.875231 4.907060 5.938889 5.970718 6.002546 6.034375 6.066204 6.098032 7.129861 7.161690 7.193519 7.225347 7.257176 7.289005 8.320833 8.352662 8.384491 8.416319 8.448148 8.479977 9.511806 9.543634 9.575463 9.607292 9.639120 10.670949 10.702778 10.734606 10.766435 10.798264 10.830093 11.861921 11.893750 11.925579 11.957407 11.989236 12.021065 13.052894 13.084722 13.116551 13.148380 13.180208 14.212037 14.243866 14.275694 14.307523 14.339352 14.371181 15.403009 15.434838 15.466667 15.498495 15.530324 15.562153 16.593981 16.625810 16.657639 16.689468 16.721296 16.753125 17.784954 17.816782 17.848611 17.880440 17.912269 18.944097 18.975926 19.007755 19.039583 19.071412 19.103241 20.135069 20.166898 20.198727 20.230556 20.262384 20.294213 21.326042 21.357870 21.389699 21.421528 21.453356 22.485185 22.517014 22.548843 22.580671 22.612500 22.644329 23.676157 23.707986 23.739815 23.771644 23.803472 23.835301 24.867130 24.898958 24.930787 24.962616 24.994444 
0.208918 1.251169 1.293420 1.335671 1.377922 1.420174 1.462425 2.504676 2.546927 2.589178 2.631429 2.673681 2.715932 3.758183 3.800434 3.842685 3.884936 3.927188 3.969439 5.011690 5.053941 5.096192 5.138443 5.180694 5.222946 6.265197 6.307448 6.349699 6.391950 6.434201 6.476453 7.518704 7.560955 7.603206 7.645457 7.687708 7.729959 8.772211 8.814462 8.856713 8.898964 8.941215 8.983466 10.025718 10.067969 10.110220 10.152471 10.194722 10.236973 11.279225 11.321476 11.363727 11.405978 11.448229 11.490480 12.532731 12.574983 12.617234 12.659485 12.701736 12.743987 13.786238 13.828490 13.870741 13.912992 13.955243 13.997494 15.039745 15.081997 15.124248 15.166499 15.208750 15.251001 16.293252 16.335503 16.377755 16.420006 16.462257 16.504508 17.546759 17.589010 17.631262 17.673513 17.715764 17.758015 18.800266 18.842517 18.884769 18.927020 18.969271 19.011522 20.053773 20.096024 20.138275 20.180527 20.222778 20.265029 21.307280 21.349531 21.391782 21.434034 21.476285 21.518536 22.560787 22.603038 22.645289 22.687541 22.729792 22.772043 23.814294 23.856545 23.898796 23.941047 23.983299 24.025550 25.067801 25.110052 25.152303 25.194554 25.236806 
0.211007 1.263681 1.316354 1.369028 1.421701 1.474375 1.527049 2.579722 2.632396 2.685069 2.737743 2.790417 2.843090 3.895764 3.948437 4.001111 4.053785 4.106458 4.159132 5.211806 5.264479 5.317153 5.369826 5.422500 5.475174 5.527847 6.580521 6.633194 6.685868 6.738542 6.791215 6.843889 7.896563 7.949236 8.001910 8.054583 8.107257 8.159931 9.212604 9.265278 9.317951 9.370625 9.423299 9.475972 9.528646 10.581319 10.633993 10.686667 10.739340 10.792014 10.844687 11.897361 11.950035 12.002708 12.055382 12.108056 12.160729 13.213403 13.266076 13.318750 13.371424 13.424097 13.476771 13.529444 14.582118 14.634792 14.687465 14.740139 14.792812 14.845486 15.898160 15.950833 16.003507 16.056181 16.108854 16.161528 17.214201 17.266875 17.319549 17.372222 17.424896 17.477569 17.530243 18.582917 18.635590 18.688264 18.740937 18.793611 18.846285 19.898958 19.951632 20.004306 20.056979 20.109653 20.162326 21.215000 21.267674 21.320347 21.373021 21.425694 21.478368 21.531042 22.583715 22.636389 22.689063 22.741736 22.794410 22.847083 23.899757 23.952431 24.005104 24.057778 24.110451 24.163125 25.215799 25.268472 25.321146 25.373819 25.426493 25.479167 
0.213096 1.276192 1.339288 1.402384 1.465480 1.528576 1.591672 2.654769 2.717865 2.780961 2.844057 2.907153 2.970249 3.033345 4.096441 4.159537 4.222633 4.285729 4.348825 4.411921 4.475017 5.538113 5.601209 5.664306 5.727402 5.790498 5.853594 6.916690 6.979786 7.042882 7.105978 7.169074 7.232170 7.295266 8.358362 8.421458 8.484554 8.547650 8.610747 8.673843 8.736939 9.800035 9.863131 9.926227 9.989323 10.052419 10.115515 11.178611 11.241707 11.304803 11.367899 11.430995 11.494091 11.557187 12.620284 12.683380 12.746476 12.809572 12.872668 12.935764 12.998860 14.061956 14.125052 14.188148 14.251244 14.314340 14.377436 15.440532 15.503628 15.566725 15.629821 15.692917 15.756013 15.819109 16.882205 16.945301 17.008397 17.071493 17.134589 17.197685 17.260781 18.323877 18.386973 18.450069 18.513166 18.576262 18.639358 19.702454 19.765550 19.828646 19.891742 19.954838 20.017934 20.081030 21.144126 21.207222 21.270318 21.333414 21.396510 21.459606 21.522703 22.585799 22.648895 22.711991 22.775087 22.838183 22.901279 23.964375 24.027471 24.090567 24.153663 24.216759 24.279855 24.342951 25.406047 25.469144 25.532240 25.595336 25.658432 25.721528 
0.215185 1.288704 1.362222 1.435741 1.509259 1.582778 1.656296 1.729815 2.803333 2.876852 2.950370 3.023889 3.097407 3.170926 3.244444 4.317963 4.391481 4.465000 4.538519 4.612037 4.685556 4.759074 5.832593 5.906111 5.979630 6.053148 6.126667 6.200185 6.273704 7.347222 7.420741 7.494259 7.567778 7.641296 7.714815 7.788333 8.861852 8.935370 9.008889 9.082407 9.155926 9.229444 9.302963 10.376481 10.450000 10.523519 10.597037 10.670556 10.744074 10.817593 11.891111 11.964630 12.038148 12.111667 12.185185 12.258704 12.332222 13.405741 13.479259 13.552778 13.626296 13.699815 13.773333 13.846852 14.920370 14.993889 15.067407 15.140926 15.214444 15.287963 15.361481 16.435000 16.508519 16.582037 16.655556 16.729074 16.802593 16.876111 17.949630 18.023148 18.096667 18.170185 18.243704 18.317222 18.390741 19.464259 19.537778 19.611296 19.684815 19.758333 19.831852 19.905370 20.978889 21.052407 21.125926 21.199444 21.272963 21.346481 21.420000 22.493519 22.567037 22.640556 22.714074 22.787593 22.861111 22.934630 24.008148 24.081667 24.155185 24.228704 24.302222 24.375741 24.449259 25.522778 25.596296 25.669815 25.743333 25.816852 25.890370 25.963889 
0.217274 1.301215 1.385156 1.469097 1.553038 1.636979 1.720920 1.804861 2.888802 2.972743 3.056684 3.140625 3.224566 3.308507 3.392448 3.476389 4.560330 4.644271 4.728212 4.812153 4.896094 4.980035 5.063976 6.147917 6.231858 6.315799 6.399740 6.483681 6.567622 6.651563 6.735503 7.819444 7.903385 7.987326 8.071267 8.155208 8.239149 8.323090 9.407031 9.490972 9.574913 9.658854 9.742795 9.826736 9.910677 9.994618 11.078559 11.162500 11.246441 11.330382 11.414323 11.498264 11.582205 12.666146 12.750087 12.834028 12.917969 13.001910 13.085851 13.169792 13.253733 14.337674 14.421615 14.505556 14.589497 14.673438 14.757378 14.841319 15.925260 16.009201 16.093142 16.177083 16.261024 16.344965 16.428906 16.512847 17.596788 17.680729 17.764670 17.848611 17.932552 18.016493 18.100434 19.184375 19.268316 19.352257 19.436198 19.520139 19.604080 19.688021 19.771962 20.855903 20.939844 21.023785 21.107726 21.191667 21.275608 21.359549 22.443490 22.527431 22.611372 22.695312 22.779253 22.863194 22.947135 23.031076 24.115017 24.198958 24.282899 24.366840 24.450781 24.534722 24.618663 25.702604 25.786545 25.870486 25.954427 26.038368 26.122309 26.206250 
0.219363 1.313727 1.408090 1.502454 1.596817 1.691181 1.785544 1.879907 1.974271 3.068634 3.162998 3.257361 3.351725 3.446088 3.540451 3.634815 3.729178 4.823542 4.917905 5.012269 5.106632 5.200995 5.295359 5.389722 5.484086 6.578449 6.672813 6.767176 6.861539 6.955903 7.050266 7.144630 7.238993 8.333356 8.427720 8.522083 8.616447 8.710810 8.805174 8.899537 8.993900 10.088264 10.182627 10.276991 10.371354 10.465718 10.560081 10.654444 10.748808 11.843171 11.937535 12.031898 12.126262 12.220625 12.314988 12.409352 12.503715 13.598079 13.692442 13.786806 13.881169 13.975532 14.069896 14.164259 14.258623 15.352986 15.447350 15.541713 15.636076 15.730440 15.824803 15.919167 16.013530 17.107894 17.202257 17.296620 17.390984 17.485347 17.579711 17.674074 17.768438 18.862801 18.957164 19.051528 19.145891 19.240255 19.334618 19.428981 19.523345 20.617708 20.712072 20.806435 20.900799 20.995162 21.089525 21.183889 21.278252 22.372616 22.466979 22.561343 22.655706 22.750069 22.844433 22.938796 23.033160 24.127523 24.221887 24.316250 24.410613 24.504977 24.599340 24.693704 24.788067 25.882431 25.976794 26.071157 26.165521 26.259884 26.354248 26.448611 
99.000000 100.000000 101.000000 102.000000 103.000000 104.000000 105.000000 
0.002083 0.004167 0.006250 0.008333 0.010417 0.012500 0.014583 0.016667 0.018750 0.020833 0.022917 0.025000 0.027083 0.029167 0.031250 0.033333 0.035417 0.037500 0.039583 0.041667 0.043750 0.045833 0.047917 0.050000 0.052083 0.054167 0.056250 0.058333 0.060417 0.062500 0.064583 0.066667 0.068750 0.070833 0.072917 0.075000 0.077083 0.079167 0.081250 0.083333 0.085417 0.087500 0.089583 0.091667 0.093750 0.095833 0.097917 0.100000 0.102083 0.104167 0.106250 0.108333 0.110417 0.112500 0.114583 0.116667 0.118750 0.120833 0.122917 0.125000 0.127083 0.129167 0.131250 0.133333 0.135417 0.137500 0.139583 0.141667 0.143750 0.145833 0.147917 0.150000 0.152083 0.154167 0.156250 0.158333 0.160417 0.162500 0.164583 0.166667 0.168750 0.170833 0.172917 0.175000 0.177083 0.179167 0.181250 0.183333 0.185417 0.187500 0.189583 0.191667 0.193750 0.195833 0.197917 0.200000 0.202083 0.204167 0.206250 0.208333 0.210417 0.212500 0.214583 0.216667 0.218750 0.220833 0.222917 0.225000 0.227083 0.229167 0.231250 0.233333 0.235417 0.237500 0.239583 0.241667 0.243750 0.245833 0.247917 0.250000 
0.416667 0.420833 0.425000 0.429167 0.433333 0.437500 0.441667 
0.001389 0.002778 0.004167 0.005556 0.006944 0.008333 0.009722 0.011111 0.012500 0.013889 0.015278 0.016667 0.018056 0.019444 0.020833 0.022222 0.023611 0.025000 0.026389 0.027778 0.029167 0.030556 0.031944 0.033333 0.034722 0.036111 0.037500 0.038889 0.040278 0.041667 0.043056 0.044444 0.045833 0.047222 0.048611 0.050000 0.051389 0.052778 0.054167 0.055556 0.056944 0.058333 0.059722 0.061111 0.062500 0.063889 0.065278 0.066667 0.068056 0.069444 0.070833 0.072222 0.073611 0.075000 0.076389 0.077778 0.079167 0.080556 0.081944 0.083333 0.084722 0.086111 0.087500 0.088889 0.090278 0.091667 0.093056 0.094444 0.095833 0.097222 0.098611 0.100000 0.101389 0.102778 0.104167 0.105556 0.106944 0.108333 0.109722 0.111111 0.112500 0.113889 0.115278 0.116667 0.118056 0.119444 0.120833 0.122222 0.123611 0.125000 0.126389 0.127778 0.129167 0.130556 0.131944 0.133333 0.134722 0.136111 0.137500 0.138889 0.140278 0.141667 0.143056 0.144444 0.145833 0.147222 0.148611 0.150000 0.151389 0.152778 0.154167 0.155556 0.156944 0.158333 0.159722 0.161111 0.162500 0.163889 0.165278 0.166667 
0.000000 0.000000 0.000000 0.000000 0.000000 0.000000 0.000000 
1.505041 9.009665 9.726789 10.943913 12.286037 13.678161 15.095285 16.701159 17.967033 19.632907 20.863781 22.799655 23.773029 25.675152 27.134776 28.149400 29.914024 31.503648 32.998272 34.716646 35.460020 37.618394 39.181768 40.665142 41.316016 43.570640 45.157764 46.644888 48.077012 49.669136 50.106260 52.792134 53.968008 55.663882 57.114756 58.585630 59.804004 61.796128 63.165752 64.540376 64.765000 67.894624 69.119248 70.807622 72.170996 73.244370 75.212744 76.786118 77.406992 79.811616 80.948740 82.675864 84.197988 85.760112 87.097236 88.628110 89.998984 91.664858 93.145732 94.501606 94.094980 98.187104 99.466728 100.871352 102.155976 103.755600 105.210224 106.928598 108.261972 109.860346 111.053720 112.877094 113.527968 115.902592 117.399716 118.376840 120.288964 121.881088 123.188212 124.794086 124.949960 127.995834 129.446708 130.892582 132.045956 133.798080 135.497704 136.872328 138.186952 139.896576 140.371200 143.019573 144.382947 145.891321 147.454695 148.813069 149.618943 152.023567 153.430691 154.917815 155.779939 157.972063 159.309187 161.185061 162.240935 163.471809 165.477683 167.013557 168.076931 169.889055 171.138679 172.903303 174.187927 175.987551 177.212175 178.705549 180.173923 181.592297 182.885671 183.679045 
0.104167 0.105208 0.106250 0.107292 0.108333 0.109375 0.110417 
0.000926 0.001852 0.002778 0.003704 0.004630 0.005556 0.006481 0.007407 0.008333 0.009259 0.010185 0.011111 0.012037 0.012963 0.013889 0.014815 0.015741 0.016667 0.017593 0.018519 0.019444 0.020370 0.021296 0.022222 0.023148 0.024074 0.025000 0.025926 0.026852 0.027778 0.028704 0.029630 0.030556 0.031481 0.032407 0.033333 0.034259 0.035185 0.036111 0.037037 0.037963 0.038889 0.039815 0.040741 0.041667 0.042593 0.043519 0.044444 0.045370 0.046296 0.047222 0.048148 0.049074 0.050000 0.050926 0.051852 0.052778 0.053704 0.054630 0.055556 0.056481 0.057407 0.058333 0.059259 0.060185 0.061111 0.062037 0.062963 0.063889 0.064815 0.065741 0.066667 0.067593 0.068519 0.069444 0.070370 0.071296 0.072222 0.073148 0.074074 0.075000 0.075926 0.076852 0.077778 0.078704 0.079630 0.080556 0.081481 0.082407 0.083333 0.084259 0.085185 0.086111 0.087037 0.087963 0.088889 0.089815 0.090741 0.091667 0.092593 0.093519 0.094444 0.095370 0.096296 0.097222 0.098148 0.099074 0.100000 0.100926 0.101852 0.102778 0.103704 0.104630 0.105556 0.106481 0.107407 0.108333 0.109259 0.110185 0.111111 
