3
120
7
1.500000
1.200000
0.221453 1.326238 1.431024 1.535810 1.640596 1.745382 1.850168 1.954954 2.059740 3.164525 3.269311 3.374097 3.478883 3.583669 3.688455 3.793241 3.898027 4.002812 5.107598 5.212384 5.317170 5.421956 5.526742 5.631528 5.736314 5.841100 6.945885 7.050671 7.155457 7.260243 7.365029 7.469815 7.574601 7.679387 7.784172 8.888958 8.993744 9.098530 9.203316 9.308102 9.412888 9.517674 9.622459 10.727245 10.832031 10.936817 11.041603 11.146389 11.251175 11.355961 11.460747 11.565532 12.670318 12.775104 12.879890 12.984676 13.089462 13.194248 13.299034 13.403819 13.508605 14.613391 14.718177 14.822963 14.927749 15.032535 15.137321 15.242106 15.346892 16.451678 16.556464 16.661250 16.766036 16.870822 16.975608 17.080394 17.185179 17.289965 18.394751 18.499537 18.604323 18.709109 18.813895 18.918681 19.023466 19.128252 20.233038 20.337824 20.442610 20.547396 20.652182 20.756968 20.861753 20.966539 21.071325 22.176111 22.280897 22.385683 22.490469 22.595255 22.700041 22.804826 22.909612 24.014398 24.119184 24.223970 24.328756 24.433542 24.538328 24.643113 24.747899 24.852685 25.957471 26.062257 26.167043 26.271829 26.376615 26.481400 26.586186 26.690972 
0.223542 1.338750 1.453958 1.569167 1.684375 1.799583 1.914792 2.030000 2.145208 2.260417 3.375625 3.490833 3.606042 3.721250 3.836458 3.951667 4.066875 4.182083 4.297292 5.412500 5.527708 5.642917 5.758125 5.873333 5.988542 6.103750 6.218958 6.334167 7.449375 7.564583 7.679792 7.795000 7.910208 8.025417 8.140625 8.255833 8.371042 9.486250 9.601458 9.716667 9.831875 9.947083 10.062292 10.177500 10.292708 10.407917 10.523125 11.638333 11.753542 11.868750 11.983958 12.099167 12.214375 12.329583 12.444792 12.560000 13.675208 13.790417 13.905625 14.020833 14.136042 14.251250 14.366458 14.481667 14.596875 15.712083 15.827292 15.942500 16.057708 16.172917 16.288125 16.403333 16.518542 16.633750 17.748958 17.864167 17.979375 18.094583 18.209792 18.325000 18.440208 18.555417 18.670625 18.785833 19.901042 20.016250 20.131458 20.246667 20.361875 20.477083 20.592292 20.707500 20.822708 21.937917 22.053125 22.168333 22.283542 22.398750 22.513958 22.629167 22.744375 22.859583 23.974792 24.090000 24.205208 24.320417 24.435625 24.550833 24.666042 24.781250 24.896458 26.011667 26.126875 26.242083 26.357292 26.472500 26.587708 26.702917 26.818125 26.933333 
0.225631 1.351262 1.476892 1.602523 1.728154 1.853785 1.979416 2.105046 2.230677 2.356308 2.481939 3.607569 3.733200 3.858831 3.984462 4.110093 4.235723 4.361354 4.486985 4.612616 4.738247 5.863877 5.989508 6.115139 6.240770 6.366400 6.492031 6.617662 6.743293 6.868924 6.994554 8.120185 8.245816 8.371447 8.497078 8.622708 8.748339 8.873970 8.999601 9.125231 9.250862 10.376493 10.502124 10.627755 10.753385 10.879016 11.004647 11.130278 11.255909 11.381539 11.507170 12.632801 12.758432 12.884062 13.009693 13.135324 13.260955 13.386586 13.512216 13.637847 13.763478 14.889109 15.014740 15.140370 15.266001 15.391632 15.517263 15.642894 15.768524 15.894155 16.019786 17.145417 17.271047 17.396678 17.522309 17.647940 17.773571 17.899201 18.024832 18.150463 18.276094 19.401725 19.527355 19.652986 19.778617 19.904248 20.029878 20.155509 20.281140 20.406771 20.532402 21.658032 21.783663 21.909294 22.034925 22.160556 22.286186 22.411817 22.537448 22.663079 22.788709 23.914340 24.039971 24.165602 24.291233 24.416863 24.542494 24.668125 24.793756 24.919387 25.045017 26.170648 26.296279 26.421910 26.547541 26.673171 26.798802 26.924433 27.050064 27.175694 
0.227720 1.363773 1.499826 1.635880 1.771933 1.907986 2.044039 2.180093 2.316146 2.452199 2.588252 3.724306 3.860359 3.996412 4.132465 4.268519 4.404572 4.540625 4.676678 4.812731 4.948785 5.084838 6.220891 6.356944 6.492998 6.629051 6.765104 6.901157 7.037211 7.173264 7.309317 7.445370 7.581424 8.717477 8.853530 8.989583 9.125637 9.261690 9.397743 9.533796 9.669850 9.805903 9.941956 10.078009 11.214063 11.350116 11.486169 11.622222 11.758275 11.894329 12.030382 12.166435 12.302488 12.438542 12.574595 13.710648 13.846701 13.982755 14.118808 14.254861 14.390914 14.526968 14.663021 14.799074 14.935127 15.071181 16.207234 16.343287 16.479340 16.615394 16.751447 16.887500 17.023553 17.159606 17.295660 17.431713 17.567766 18.703819 18.839873 18.975926 19.111979 19.248032 19.384086 19.520139 19.656192 19.792245 19.928299 20.064352 21.200405 21.336458 21.472512 21.608565 21.744618 21.880671 22.016725 22.152778 22.288831 22.424884 22.560937 23.696991 23.833044 23.969097 24.105150 24.241204 24.377257 24.513310 24.649363 24.785417 24.921470 25.057523 26.193576 26.329630 26.465683 26.601736 26.737789 26.873843 27.009896 27.145949 27.282002 27.418056 
0.229809 1.376285 1.522760 1.669236 1.815712 1.962188 2.108663 2.255139 2.401615 2.548090 2.694566 2.841042 2.987517 4.133993 4.280469 4.426944 4.573420 4.719896 4.866372 5.012847 5.159323 5.305799 5.452274 5.598750 5.745226 6.891701 7.038177 7.184653 7.331128 7.477604 7.624080 7.770556 7.917031 8.063507 8.209983 8.356458 8.502934 9.649410 9.795885 9.942361 10.088837 10.235313 10.381788 10.528264 10.674740 10.821215 10.967691 11.114167 11.260642 12.407118 12.553594 12.700069 12.846545 12.993021 13.139497 13.285972 13.432448 13.578924 13.725399 13.871875 14.018351 15.164826 15.311302 15.457778 15.604253 15.750729 15.897205 16.043681 16.190156 16.336632 16.483108 16.629583 16.776059 17.922535 18.069010 18.215486 18.361962 18.508437 18.654913 18.801389 18.947865 19.094340 19.240816 19.387292 19.533767 20.680243 20.826719 20.973194 21.119670 21.266146 21.412622 21.559097 21.705573 21.852049 21.998524 22.145000 22.291476 23.437951 23.584427 23.730903 23.877378 24.023854 24.170330 24.316806 24.463281 24.609757 24.756233 24.902708 25.049184 26.195660 26.342135 26.488611 26.635087 26.781562 26.928038 27.074514 27.220990 27.367465 27.513941 27.660417 
0.231898 1.388796 1.545694 1.702593 1.859491 2.016389 2.173287 2.330185 2.487083 2.643981 2.800880 2.957778 3.114676 3.271574 4.428472 4.585370 4.742269 4.899167 5.056065 5.212963 5.369861 5.526759 5.683657 5.840556 5.997454 6.154352 6.311250 7.468148 7.625046 7.781944 7.938843 8.095741 8.252639 8.409537 8.566435 8.723333 8.880231 9.037130 9.194028 9.350926 9.507824 10.664722 10.821620 10.978519 11.135417 11.292315 11.449213 11.606111 11.763009 11.919907 12.076806 12.233704 12.390602 12.547500 13.704398 13.861296 14.018194 14.175093 14.331991 14.488889 14.645787 14.802685 14.959583 15.116481 15.273380 15.430278 15.587176 16.744074 16.900972 17.057870 17.214769 17.371667 17.528565 17.685463 17.842361 17.999259 18.156157 18.313056 18.469954 18.626852 18.783750 19.940648 20.097546 20.254444 20.411343 20.568241 20.725139 20.882037 21.038935 21.195833 21.352731 21.509630 21.666528 21.823426 22.980324 23.137222 23.294120 23.451019 23.607917 23.764815 23.921713 24.078611 24.235509 24.392407 24.549306 24.706204 24.863102 26.020000 26.176898 26.333796 26.490694 26.647593 26.804491 26.961389 27.118287 27.275185 27.432083 27.588981 27.745880 27.902778 
0.233987 1.401308 1.568628 1.735949 1.903270 2.070590 2.237911 2.405231 2.572552 2.739873 2.907193 3.074514 3.241834 3.409155 3.576476 3.743796 4.911117 5.078437 5.245758 5.413079 5.580399 5.747720 5.915041 6.082361 6.249682 6.417002 6.584323 6.751644 6.918964 7.086285 7.253605 8.420926 8.588247 8.755567 8.922888 9.090208 9.257529 9.424850 9.592170 9.759491 9.926811 10.094132 10.261453 10.428773 10.596094 10.763414 11.930735 12.098056 12.265376 12.432697 12.600017 12.767338 12.934659 13.101979 13.269300 13.436620 13.603941 13.771262 13.938582 14.105903 14.273223 15.440544 15.607865 15.775185 15.942506 16.109826 16.277147 16.444468 16.611788 16.779109 16.946429 17.113750 17.281071 17.448391 17.615712 17.783032 18.950353 19.117674 19.284994 19.452315 19.619635 19.786956 19.954277 20.121597 20.288918 20.456238 20.623559 20.790880 20.958200 21.125521 21.292841 22.460162 22.627483 22.794803 22.962124 23.129444 23.296765 23.464086 23.631406 23.798727 23.966047 24.133368 24.300689 24.468009 24.635330 24.802650 25.969971 26.137292 26.304612 26.471933 26.639253 26.806574 26.973895 27.141215 27.308536 27.475856 27.643177 27.810498 27.977818 28.145139 
106.000000 107.000000 108.000000 109.000000 110.000000 111.000000 112.000000 
0.002083 0.004167 0.006250 0.008333 0.010417 0.012500 0.014583 0.016667 0.018750 0.020833 0.022917 0.025000 0.027083 0.029167 0.031250 0.033333 0.035417 0.037500 0.039583 0.041667 0.043750 0.045833 0.047917 0.050000 0.052083 0.054167 0.056250 0.058333 0.060417 0.062500 0.064583 0.066667 0.068750 0.070833 0.072917 0.075000 0.077083 0.079167 0.081250 0.083333 0.085417 0.087500 0.089583 0.091667 0.093750 0.095833 0.097917 0.100000 0.102083 0.104167 0.106250 0.108333 0.110417 0.112500 0.114583 0.116667 0.118750 0.120833 0.122917 0.125000 0.127083 0.129167 0.131250 0.133333 0.135417 0.137500 0.139583 0.141667 0.143750 0.145833 0.147917 0.150000 0.152083 0.154167 0.156250 0.158333 0.160417 0.162500 0.164583 0.166667 0.168750 0.170833 0.172917 0.175000 0.177083 0.179167 0.181250 0.183333 0.185417 0.187500 0.189583 0.191667 0.193750 0.195833 0.197917 0.200000 0.202083 0.204167 0.206250 0.208333 0.210417 0.212500 0.214583 0.216667 0.218750 0.220833 0.222917 0.225000 0.227083 0.229167 0.231250 0.233333 0.235417 0.237500 0.239583 0.241667 0.243750 0.245833 0.247917 0.250000 
0.445833 0.450000 0.454167 0.458333 0.462500 0.466667 0.470833 
0.001389 0.002778 0.004167 0.005556 0.006944 0.008333 0.009722 0.011111 0.012500 0.013889 0.015278 0.016667 0.018056 0.019444 0.020833 0.022222 0.023611 0.025000 0.026389 0.027778 0.029167 0.030556 0.031944 0.033333 0.034722 0.036111 0.037500 0.038889 0.040278 0.041667 0.043056 0.044444 0.045833 0.047222 0.048611 0.050000 0.051389 0.052778 0.054167 0.055556 0.056944 0.058333 0.059722 0.061111 0.062500 0.063889 0.065278 0.066667 0.068056 0.069444 0.070833 0.072222 0.073611 0.075000 0.076389 0.077778 0.079167 0.080556 0.081944 0.083333 0.084722 0.086111 0.087500 0.088889 0.090278 0.091667 0.093056 0.094444 0.095833 0.097222 0.098611 0.100000 0.101389 0.102778 0.104167 0.105556 0.106944 0.108333 0.109722 0.111111 0.112500 0.113889 0.115278 0.116667 0.118056 0.119444 0.120833 0.122222 0.123611 0.125000 0.126389 0.127778 0.129167 0.130556 0.131944 0.133333 0.134722 0.136111 0.137500 0.138889 0.140278 0.141667 0.143056 0.144444 0.145833 0.147222 0.148611 0.150000 0.151389 0.152778 0.154167 0.155556 0.156944 0.158333 0.159722 0.161111 0.162500 0.163889 0.165278 0.166667 
0.000000 0.000000 0.000000 0.000000 0.000000 0.000000 0.000000 
1.505041 9.009665 9.726789 10.943913 12.286037 13.678161 15.095285 16.701159 17.967033 19.632907 20.863781 22.799655 23.773029 25.675152 27.134776 28.149400 29.914024 31.503648 32.998272 34.716646 35.460020 37.618394 39.181768 40.665142 41.316016 43.570640 45.157764 46.644888 48.077012 49.669136 50.106260 52.792134 53.968008 55.663882 57.114756 58.585630 59.804004 61.796128 63.165752 64.540376 64.765000 67.894624 69.119248 70.807622 72.170996 73.244370 75.212744 76.786118 77.406992 79.811616 80.948740 82.675864 84.197988 85.760112 87.097236 88.628110 89.998984 91.664858 93.145732 94.501606 94.094980 98.187104 99.466728 100.871352 102.155976 103.755600 105.210224 106.928598 108.261972 109.860346 111.053720 112.877094 113.527968 115.902592 117.399716 118.376840 120.288964 121.881088 123.188212 124.794086 124.949960 127.995834 129.446708 130.892582 132.045956 133.798080 135.497704 136.872328 138.186952 139.896576 140.371200 143.019573 144.382947 145.891321 147.454695 148.813069 149.618943 152.023567 153.430691 154.917815 155.779939 157.972063 159.309187 161.185061 162.240935 163.471809 165.477683 167.013557 168.076931 169.889055 171.138679 172.903303 174.187927 175.987551 177.212175 178.705549 180.173923 181.592297 182.885671 183.679045 
0.111458 0.112500 0.113542 0.114583 0.115625 0.116667 0.117708 
0.000926 0.001852 0.002778 0.003704 0.004630 0.005556 0.006481 0.007407 0.008333 0.009259 0.010185 0.011111 0.012037 0.012963 0.013889 0.014815 0.015741 0.016667 0.017593 0.018519 0.019444 0.020370 0.021296 0.022222 0.023148 0.024074 0.025000 0.025926 0.026852 0.027778 0.028704 0.029630 0.030556 0.031481 0.032407 0.033333 0.034259 0.035185 0.036111 0.037037 0.037963 0.038889 0.039815 0.040741 0.041667 0.042593 0.043519 0.044444 0.045370 0.046296 0.047222 0.048148 0.049074 0.050000 0.050926 0.051852 0.052778 0.053704 0.054630 0.055556 0.056481 0.057407 0.058333 0.059259 0.060185 0.061111 0.062037 0.062963 0.063889 0.064815 0.065741 0.066667 0.067593 0.068519 0.069444 0.070370 0.071296 0.072222 0.073148 0.074074 0.075000 0.075926 0.076852 0.077778 0.078704 0.079630 0.080556 0.081481 0.082407 0.083333 0.084259 0.085185 0.086111 0.087037 0.087963 0.088889 0.089815 0.090741 0.091667 0.092593 0.093519 0.094444 0.095370 0.096296 0.097222 0.098148 0.099074 0.100000 0.100926 0.101852 0.102778 0.103704 0.104630 0.105556 0.106481 0.107407 0.108333 0.109259 0.110185 0.111111 
