3
120
8
1.500000
1.200000
0.100284 0.600567 1.100851 0.601134 1.101418 0.601701 1.101985 1.602269 1.102552 1.602836 1.103119 1.603403 2.103686 1.603970 2.104253 1.604537 2.104821 2.605104 2.105388 2.605671 2.105955 2.606238 3.106522 2.606806 3.107089 2.607373 3.107656 3.607940 3.108223 3.608507 3.108791 3.609074 4.109358 3.609641 4.109925 3.610208 4.110492 4.610775 4.111059 4.611343 4.111626 4.611910 5.112193 4.612477 5.112760 4.613044 5.113328 5.613611 5.113895 5.614178 5.114462 5.614745 6.115029 5.615313 6.115596 5.615880 6.116163 6.616447 6.116730 6.617014 6.117297 6.617581 7.117865 6.618148 7.118432 6.618715 7.118999 7.619282 7.119566 7.619850 7.120133 7.620417 8.120700 7.620984 8.121267 7.621551 8.121834 8.622118 8.122402 8.622685 8.122969 8.623252 9.123536 8.623819 9.124103 8.624387 9.124670 9.624954 9.125237 9.625521 9.125804 9.626088 10.126372 9.626655 10.126939 9.627222 10.127506 10.627789 10.128073 10.628356 10.128640 10.628924 11.129207 10.629491 11.129774 10.630058 11.130341 11.630625 11.130909 11.631192 11.131476 11.631759 12.132043 11.632326 12.132610 11.632894 12.133177 12.633461 12.133744 12.634028 
0.102373 0.613079 1.123785 0.634491 1.145197 0.655903 1.166609 1.677315 1.188021 1.698727 1.209433 1.720139 2.230845 1.741551 2.252257 1.762963 2.273669 2.784375 2.295081 2.805787 2.316493 2.827199 3.337905 2.848611 3.359317 2.870023 3.380729 2.891435 3.402141 3.912847 3.423553 3.934259 3.444965 3.955671 4.466377 3.977083 4.487789 3.998495 4.509201 5.019907 4.530613 5.041319 4.552025 5.062731 5.573437 5.084144 5.594850 5.105556 5.616262 5.126968 5.637674 6.148380 5.659086 6.169792 5.680498 6.191204 6.701910 6.212616 6.723322 6.234028 6.744734 7.255440 6.766146 7.276852 6.787558 7.298264 7.808970 7.319676 7.830382 7.341088 7.851794 8.362500 7.873206 8.383912 7.894618 8.405324 7.916030 8.426736 8.937442 8.448148 8.958854 8.469560 8.980266 9.490972 9.001678 9.512384 9.023090 9.533796 10.044502 9.555208 10.065914 9.576620 10.087326 10.598032 10.108738 10.619444 10.130150 10.640856 10.151563 10.662269 11.172975 10.683681 11.194387 10.705093 11.215799 11.726505 11.237211 11.747917 11.258623 11.769329 12.280035 11.790741 12.301447 11.812153 12.322859 12.833565 12.344271 12.854977 12.365683 12.876389 
0.104462 0.625590 1.146719 0.667847 1.188976 0.710104 1.231233 1.752361 1.273490 1.794618 1.315747 1.836875 1.358003 1.879132 2.400260 1.921389 2.442517 1.963646 2.484774 3.005903 2.527031 3.048160 2.569288 3.090417 2.611545 3.132674 3.653802 3.174931 3.696059 3.217188 3.738316 4.259444 3.780573 4.301701 3.822830 4.343958 3.865087 4.386215 4.907344 4.428472 4.949601 4.470729 4.991858 5.512986 5.034115 5.555243 5.076372 5.597500 5.118628 5.639757 6.160885 5.682014 6.203142 5.724271 6.245399 6.766528 6.287656 6.808785 6.329913 6.851042 6.372170 6.893299 7.414427 6.935556 7.456684 6.977813 7.498941 8.020069 7.541198 8.062326 7.583455 8.104583 7.625712 8.146840 8.667969 8.189097 8.710226 8.231354 8.752483 9.273611 8.794740 9.315868 8.836997 9.358125 8.879253 9.400382 9.921510 9.442639 9.963767 9.484896 10.006024 10.527153 10.048281 10.569410 10.090538 10.611667 10.132795 10.653924 11.175052 10.696181 11.217309 10.738437 11.259566 11.780694 11.301823 11.822951 11.344080 11.865208 11.386337 11.907465 12.428594 11.949722 12.470851 11.991979 12.513108 13.034236 12.555365 13.076493 12.597622 13.118750 
0.106551 0.638102 1.169653 0.701204 1.232755 0.764306 1.295856 1.827407 1.358958 1.890509 1.422060 1.953611 1.485162 2.016713 2.548264 2.079815 2.611366 2.142917 2.674468 2.206019 2.737569 3.269120 2.800671 3.332222 2.863773 3.395324 2.926875 3.458426 3.989977 3.521528 4.053079 3.584630 4.116181 3.647731 4.179282 4.710833 4.242384 4.773935 4.305486 4.837037 4.368588 4.900139 5.431690 4.963241 5.494792 5.026343 5.557894 6.089444 5.620995 6.152546 5.684097 6.215648 5.747199 6.278750 6.810301 6.341852 6.873403 6.404954 6.936505 6.468056 6.999606 7.531157 7.062708 7.594259 7.125810 7.657361 7.188912 7.720463 8.252014 7.783565 8.315116 7.846667 8.378218 7.909769 8.441319 8.972870 8.504421 9.035972 8.567523 9.099074 8.630625 9.162176 9.693727 9.225278 9.756829 9.288380 9.819931 10.351481 9.883032 10.414583 9.946134 10.477685 10.009236 10.540787 11.072338 10.603889 11.135440 10.666991 11.198542 10.730093 11.261644 11.793194 11.324745 11.856296 11.387847 11.919398 11.450949 11.982500 12.514051 12.045602 12.577153 12.108704 12.640255 12.171806 12.703356 13.234907 12.766458 13.298009 12.829560 13.361111 
0.108640 0.650613 1.192587 0.734560 1.276534 0.818507 1.360480 0.902454 1.444427 1.986400 1.528374 2.070347 1.612321 2.154294 1.696267 2.238241 2.780214 2.322187 2.864161 2.406134 2.948108 2.490081 3.032054 3.574028 3.116001 3.657975 3.199948 3.741921 3.283895 3.825868 3.367841 3.909815 4.451788 3.993762 4.535735 4.077708 4.619682 4.161655 4.703628 5.245602 4.787575 5.329549 4.871522 5.413495 4.955469 5.497442 6.039416 5.581389 6.123362 5.665336 6.207309 5.749282 6.291256 6.833229 6.375203 6.917176 6.459149 7.001123 6.543096 7.085069 6.627043 7.169016 7.710990 7.252963 7.794936 7.336910 7.878883 7.420856 7.962830 8.504803 8.046777 8.588750 8.130723 8.672697 8.214670 8.756644 9.298617 8.840590 9.382564 8.924537 9.466510 9.008484 9.550457 10.092431 9.634404 10.176377 9.718351 10.260324 9.802297 10.344271 9.886244 10.428218 10.970191 10.512164 11.054138 10.596111 11.138084 10.680058 11.222031 11.764005 11.305978 11.847951 11.389925 11.931898 11.473872 12.015845 12.557818 12.099792 12.641765 12.183738 12.725712 12.267685 12.809659 13.351632 12.893605 13.435579 12.977552 13.519525 13.061499 13.603472 
0.110729 0.663125 1.215521 0.767917 1.320312 0.872708 1.425104 0.977500 1.529896 2.082292 1.634688 2.187083 1.739479 2.291875 1.844271 2.396667 1.949062 2.501458 3.053854 2.606250 3.158646 2.711042 3.263438 2.815833 3.368229 2.920625 3.473021 4.025417 3.577813 4.130208 3.682604 4.235000 3.787396 4.339792 3.892187 4.444583 4.996979 4.549375 5.101771 4.654167 5.206563 4.758958 5.311354 5.863750 5.416146 5.968542 5.520937 6.073333 5.625729 6.178125 5.730521 6.282917 6.835312 6.387708 6.940104 6.492500 7.044896 6.597292 7.149687 6.702083 7.254479 7.806875 7.359271 7.911667 7.464062 8.016458 7.568854 8.121250 7.673646 8.226042 8.778437 8.330833 8.883229 8.435625 8.988021 8.540417 9.092812 8.645208 9.197604 9.750000 9.302396 9.854792 9.407187 9.959583 9.511979 10.064375 10.616771 10.169167 10.721563 10.273958 10.826354 10.378750 10.931146 10.483542 11.035937 11.588333 11.140729 11.693125 11.245521 11.797917 11.350312 11.902708 11.455104 12.007500 12.559896 12.112292 12.664687 12.217083 12.769479 12.321875 12.874271 12.426667 12.979062 13.531458 13.083854 13.636250 13.188646 13.741042 13.293438 13.845833 
0.112818 0.675637 1.238455 0.801273 1.364091 0.926910 1.489728 1.052546 1.615365 1.178183 1.741001 2.303819 1.866638 2.429456 1.992274 2.555093 2.117911 2.680729 2.243547 2.806366 2.369184 2.932002 3.494821 3.057639 3.620457 3.183275 3.746094 3.308912 3.871730 3.434549 3.997367 4.560185 4.123003 4.685822 4.248640 4.811458 4.374277 4.937095 4.499913 5.062731 4.625550 5.188368 5.751186 5.314005 5.876823 5.439641 6.002459 5.565278 6.128096 5.690914 6.253733 6.816551 6.379369 6.942188 6.505006 7.067824 6.630642 7.193461 6.756279 7.319097 6.881916 7.444734 8.007552 7.570370 8.133189 7.696007 8.258825 7.821644 8.384462 7.947280 8.510098 9.072917 8.635735 9.198553 8.761372 9.324190 8.887008 9.449826 9.012645 9.575463 9.138281 9.701100 10.263918 9.826736 10.389554 9.952373 10.515191 10.078009 10.640828 10.203646 10.766464 11.329282 10.892101 11.454919 11.017737 11.580556 11.143374 11.706192 11.269010 11.831829 11.394647 11.957465 12.520284 12.083102 12.645920 12.208738 12.771557 12.334375 12.897193 12.460012 13.022830 13.585648 13.148466 13.711285 13.274103 13.836921 13.399740 13.962558 13.525376 14.088194 
0.114907 0.688148 1.261389 0.834630 1.407870 0.981111 1.554352 1.127593 1.700833 1.274074 1.847315 1.420556 1.993796 2.567037 2.140278 2.713519 2.286759 2.860000 2.433241 3.006481 2.579722 3.152963 2.726204 3.299444 2.872685 3.445926 4.019167 3.592407 4.165648 3.738889 4.312130 3.885370 4.458611 4.031852 4.605093 4.178333 4.751574 5.324815 4.898056 5.471296 5.044537 5.617778 5.191019 5.764259 5.337500 5.910741 5.483981 6.057222 5.630463 6.203704 6.776944 6.350185 6.923426 6.496667 7.069907 6.643148 7.216389 6.789630 7.362870 6.936111 7.509352 8.082593 7.655833 8.229074 7.802315 8.375556 7.948796 8.522037 8.095278 8.668519 8.241759 8.815000 8.388241 8.961481 9.534722 9.107963 9.681204 9.254444 9.827685 9.400926 9.974167 9.547407 10.120648 9.693889 10.267130 10.840370 10.413611 10.986852 10.560093 11.133333 10.706574 11.279815 10.853056 11.426296 10.999537 11.572778 11.146019 11.719259 12.292500 11.865741 12.438981 12.012222 12.585463 12.158704 12.731944 12.305185 12.878426 12.451667 13.024907 13.598148 13.171389 13.744630 13.317870 13.891111 13.464352 14.037593 13.610833 14.184074 13.757315 14.330556 
48.000000 49.000000 50.000000 51.000000 52.000000 53.000000 54.000000 55.000000 
0.002083 0.004167 0.006250 0.008333 0.010417 0.012500 0.014583 0.016667 0.018750 0.020833 0.022917 0.025000 0.027083 0.029167 0.031250 0.033333 0.035417 0.037500 0.039583 0.041667 0.043750 0.045833 0.047917 0.050000 0.052083 0.054167 0.056250 0.058333 0.060417 0.062500 0.064583 0.066667 0.068750 0.070833 0.072917 0.075000 0.077083 0.079167 0.081250 0.083333 0.085417 0.087500 0.089583 0.091667 0.093750 0.095833 0.097917 0.100000 0.102083 0.104167 0.106250 0.108333 0.110417 0.112500 0.114583 0.116667 0.118750 0.120833 0.122917 0.125000 0.127083 0.129167 0.131250 0.133333 0.135417 0.137500 0.139583 0.141667 0.143750 0.145833 0.147917 0.150000 0.152083 0.154167 0.156250 0.158333 0.160417 0.162500 0.164583 0.166667 0.168750 0.170833 0.172917 0.175000 0.177083 0.179167 0.181250 0.183333 0.185417 0.187500 0.189583 0.191667 0.193750 0.195833 0.197917 0.200000 0.202083 0.204167 0.206250 0.208333 0.210417 0.212500 0.214583 0.216667 0.218750 0.220833 0.222917 0.225000 0.227083 0.229167 0.231250 0.233333 0.235417 0.237500 0.239583 0.241667 0.243750 0.245833 0.247917 0.250000 
0.204167 0.208333 0.212500 0.216667 0.220833 0.225000 0.229167 0.233333 
0.001389 0.002778 0.004167 0.005556 0.006944 0.008333 0.009722 0.011111 0.012500 0.013889 0.015278 0.016667 0.018056 0.019444 0.020833 0.022222 0.023611 0.025000 0.026389 0.027778 0.029167 0.030556 0.031944 0.033333 0.034722 0.036111 0.037500 0.038889 0.040278 0.041667 0.043056 0.044444 0.045833 0.047222 0.048611 0.050000 0.051389 0.052778 0.054167 0.055556 0.056944 0.058333 0.059722 0.061111 0.062500 0.063889 0.065278 0.066667 0.068056 0.069444 0.070833 0.072222 0.073611 0.075000 0.076389 0.077778 0.079167 0.080556 0.081944 0.083333 0.084722 0.086111 0.087500 0.088889 0.090278 0.091667 0.093056 0.094444 0.095833 0.097222 0.098611 0.100000 0.101389 0.102778 0.104167 0.105556 0.106944 0.108333 0.109722 0.111111 0.112500 0.113889 0.115278 0.116667 0.118056 0.119444 0.120833 0.122222 0.123611 0.125000 0.126389 0.127778 0.129167 0.130556 0.131944 0.133333 0.134722 0.136111 0.137500 0.138889 0.140278 0.141667 0.143056 0.144444 0.145833 0.147222 0.148611 0.150000 0.151389 0.152778 0.154167 0.155556 0.156944 0.158333 0.159722 0.161111 0.162500 0.163889 0.165278 0.166667 
0.000000 0.000000 0.000000 0.000000 0.000000 0.000000 0.000000 0.000000 
1.505041 9.009665 9.726789 10.943913 12.286037 13.678161 15.095285 16.701159 17.967033 19.632907 20.863781 22.799655 23.773029 25.675152 27.134776 28.149400 29.914024 31.503648 32.998272 34.716646 35.460020 37.618394 39.181768 40.665142 41.316016 43.570640 45.157764 46.644888 48.077012 49.669136 50.106260 52.792134 53.968008 55.663882 57.114756 58.585630 59.804004 61.796128 63.165752 64.540376 64.765000 67.894624 69.119248 70.807622 72.170996 73.244370 75.212744 76.786118 77.406992 79.811616 80.948740 82.675864 84.197988 85.760112 87.097236 88.628110 89.998984 91.664858 93.145732 94.501606 94.094980 98.187104 99.466728 100.871352 102.155976 103.755600 105.210224 106.928598 108.261972 109.860346 111.053720 112.877094 113.527968 115.902592 117.399716 118.376840 120.288964 121.881088 123.188212 124.794086 124.949960 127.995834 129.446708 130.892582 132.045956 133.798080 135.497704 136.872328 138.186952 139.896576 140.371200 143.019573 144.382947 145.891321 147.454695 148.813069 149.618943 152.023567 153.430691 154.917815 155.779939 157.972063 159.309187 161.185061 162.240935 163.471809 165.477683 167.013557 168.076931 169.889055 171.138679 172.903303 174.187927 175.987551 177.212175 178.705549 180.173923 181.592297 182.885671 183.679045 
0.051042 0.052083 0.053125 0.054167 0.055208 0.056250 0.057292 0.058333 
0.000926 0.001852 0.002778 0.003704 0.004630 0.005556 0.006481 0.007407 0.008333 0.009259 0.010185 0.011111 0.012037 0.012963 0.013889 0.014815 0.015741 0.016667 0.017593 0.018519 0.019444 0.020370 0.021296 0.022222 0.023148 0.024074 0.025000 0.025926 0.026852 0.027778 0.028704 0.029630 0.030556 0.031481 0.032407 0.033333 0.034259 0.035185 0.036111 0.037037 0.037963 0.038889 0.039815 0.040741 0.041667 0.042593 0.043519 0.044444 0.045370 0.046296 0.047222 0.048148 0.049074 0.050000 0.050926 0.051852 0.052778 0.053704 0.054630 0.055556 0.056481 0.057407 0.058333 0.059259 0.060185 0.061111 0.062037 0.062963 0.063889 0.064815 0.065741 0.066667 0.067593 0.068519 0.069444 0.070370 0.071296 0.072222 0.073148 0.074074 0.075000 0.075926 0.076852 0.077778 0.078704 0.079630 0.080556 0.081481 0.082407 0.083333 0.084259 0.085185 0.086111 0.087037 0.087963 0.088889 0.089815 0.090741 0.091667 0.092593 0.093519 0.094444 0.095370 0.096296 0.097222 0.098148 0.099074 0.100000 0.100926 0.101852 0.102778 0.103704 0.104630 0.105556 0.106481 0.107407 0.108333 0.109259 0.110185 0.111111 
