3
120
7
1.500000
1.200000
0.148333 0.888333 0.628333 1.368333 1.108333 1.848333 1.588333 1.328333 2.068333 1.808333 2.548333 2.288333 2.028333 2.768333 2.508333 3.248333 2.988333 2.728333 3.468333 3.208333 3.948333 3.688333 3.428333 4.168333 3.908333 4.648333 4.388333 5.128333 4.868333 4.608333 5.348333 5.088333 5.828333 5.568333 5.308333 6.048333 5.788333 6.528333 6.268333 6.008333 6.748333 6.488333 7.228333 6.968333 6.708333 7.448333 7.188333 7.928333 7.668333 8.408333 8.148333 7.888333 8.628333 8.368333 9.108333 8.848333 8.588333 9.328333 9.068333 9.808333 9.548333 9.288333 10.028333 9.768333 10.508333 10.248333 9.988333 10.728333 10.468333 11.208333 10.948333 10.688333 11.428333 11.168333 11.908333 11.648333 12.388333 12.128333 11.868333 12.608333 12.348333 13.088333 12.828333 12.568333 13.308333 13.048333 13.788333 13.528333 13.268333 14.008333 13.748333 14.488333 14.228333 13.968333 14.708333 14.448333 15.188333 14.928333 15.668333 15.408333 15.148333 15.888333 15.628333 16.368333 16.108333 15.848333 16.588333 16.328333 17.068333 16.808333 16.548333 17.288333 17.028333 17.768333 17.508333 17.248333 17.988333 17.728333 18.468333 18.208333 
0.150422 0.900845 0.651267 1.401690 1.152112 0.902535 1.652957 1.403380 2.153802 1.904225 1.654647 2.405069 2.155492 2.905914 2.656337 2.406759 3.157182 2.907604 3.658027 3.408449 3.158872 3.909294 3.659716 4.410139 4.160561 3.910984 4.661406 4.411829 5.162251 4.912674 4.663096 5.413519 5.163941 5.914363 5.664786 5.415208 6.165631 5.916053 6.666476 6.416898 6.167321 6.917743 6.668166 7.418588 7.169010 6.919433 7.669855 7.420278 8.170700 7.921123 7.671545 8.421968 8.172390 8.922813 8.673235 8.423657 9.174080 8.924502 9.674925 9.425347 9.175770 9.926192 9.676615 10.427037 10.177459 9.927882 10.678304 10.428727 11.179149 10.929572 10.679994 11.430417 11.180839 11.931262 11.681684 11.432106 12.182529 11.932951 12.683374 12.433796 12.184219 12.934641 12.685064 13.435486 13.185909 12.936331 13.686753 13.437176 14.187598 13.938021 13.688443 14.438866 14.189288 14.939711 14.690133 14.440556 15.190978 14.941400 15.691823 15.442245 15.192668 15.943090 15.693513 16.443935 16.194358 15.944780 16.695203 16.445625 17.196047 16.946470 16.696892 17.447315 17.197737 17.948160 17.698582 17.449005 18.199427 17.949850 18.700272 18.450694 
0.152512 0.913356 0.674201 1.435046 1.195891 0.956736 1.717581 1.478426 2.239271 2.000116 1.760961 2.521806 2.282650 3.043495 2.804340 2.565185 3.326030 3.086875 3.847720 3.608565 3.369410 4.130255 3.891100 4.651944 4.412789 4.173634 4.934479 4.695324 4.456169 5.217014 4.977859 5.738704 5.499549 5.260394 6.021238 5.782083 6.542928 6.303773 6.064618 6.825463 6.586308 7.347153 7.107998 6.868843 7.629688 7.390532 8.151377 7.912222 7.673067 8.433912 8.194757 7.955602 8.716447 8.477292 9.238137 8.998981 8.759826 9.520671 9.281516 10.042361 9.803206 9.564051 10.324896 10.085741 10.846586 10.607431 10.368275 11.129120 10.889965 11.650810 11.411655 11.172500 11.933345 11.694190 11.455035 12.215880 11.976725 12.737569 12.498414 12.259259 13.020104 12.780949 13.541794 13.302639 13.063484 13.824329 13.585174 14.346019 14.106863 13.867708 14.628553 14.389398 15.150243 14.911088 14.671933 15.432778 15.193623 14.954468 15.715312 15.476157 16.237002 15.997847 15.758692 16.519537 16.280382 17.041227 16.802072 16.562917 17.323762 17.084606 17.845451 17.606296 17.367141 18.127986 17.888831 18.649676 18.410521 18.171366 18.932211 18.693056 
0.154601 0.925868 0.697135 1.468403 1.239670 1.010938 1.782205 1.553472 2.324740 2.096007 1.867274 2.638542 2.409809 2.181076 2.952344 2.723611 3.494878 3.266146 3.037413 3.808681 3.579948 4.351215 4.122483 3.893750 4.665017 4.436285 4.207552 4.978819 4.750087 5.521354 5.292622 5.063889 5.835156 5.606424 6.377691 6.148958 5.920226 6.691493 6.462760 6.234028 7.005295 6.776562 7.547830 7.319097 7.090365 7.861632 7.632899 8.404167 8.175434 7.946701 8.717969 8.489236 8.260503 9.031771 8.803038 9.574306 9.345573 9.116840 9.888108 9.659375 9.430642 10.201910 9.973177 10.744444 10.515712 10.286979 11.058247 10.829514 11.600781 11.372049 11.143316 11.914583 11.685851 11.457118 12.228385 11.999653 12.770920 12.542187 12.313455 13.084722 12.855990 13.627257 13.398524 13.169792 13.941059 13.712326 13.483594 14.254861 14.026128 14.797396 14.568663 14.339931 15.111198 14.882465 15.653733 15.425000 15.196267 15.967535 15.738802 15.510069 16.281337 16.052604 16.823872 16.595139 16.366406 17.137674 16.908941 17.680208 17.451476 17.222743 17.994010 17.765278 17.536545 18.307813 18.079080 18.850347 18.621615 18.392882 19.164149 18.935417 
0.156690 0.938380 0.720069 1.501759 1.283449 1.065139 1.846829 1.628519 1.410208 2.191898 1.973588 2.755278 2.536968 2.318657 3.100347 2.882037 2.663727 3.445417 3.227106 4.008796 3.790486 3.572176 4.353866 4.135556 3.917245 4.698935 4.480625 5.262315 5.044005 4.825694 5.607384 5.389074 5.170764 5.952454 5.734144 6.515833 6.297523 6.079213 6.860903 6.642593 6.424282 7.205972 6.987662 7.769352 7.551042 7.332731 8.114421 7.896111 7.677801 8.459491 8.241181 9.022870 8.804560 8.586250 9.367940 9.149630 8.931319 9.713009 9.494699 10.276389 10.058079 9.839769 10.621458 10.403148 10.184838 10.966528 10.748218 11.529907 11.311597 11.093287 11.874977 11.656667 11.438356 12.220046 12.001736 12.783426 12.565116 12.346806 13.128495 12.910185 12.691875 13.473565 13.255255 14.036944 13.818634 13.600324 14.382014 14.163704 13.945394 14.727083 14.508773 15.290463 15.072153 14.853843 15.635532 15.417222 15.198912 15.980602 15.762292 16.543981 16.325671 16.107361 16.889051 16.670741 16.452431 17.234120 17.015810 17.797500 17.579190 17.360880 18.142569 17.924259 17.705949 18.487639 18.269329 19.051019 18.832708 18.614398 19.396088 19.177778 
0.158779 0.950891 0.743003 1.535116 1.327228 1.119340 1.911453 1.703565 1.495677 2.287789 2.079902 2.872014 2.664126 2.456238 3.248351 3.040463 2.832575 3.624687 3.416800 3.208912 4.001024 3.793137 4.585249 4.377361 4.169473 4.961586 4.753698 4.545810 5.337922 5.130035 4.922147 5.714259 5.506372 6.298484 6.090596 5.882708 6.674821 6.466933 6.259045 7.051157 6.843270 7.635382 7.427494 7.219606 8.011719 7.803831 7.595943 8.388056 8.180168 7.972280 8.764392 8.556505 9.348617 9.140729 8.932841 9.724954 9.517066 9.309178 10.101291 9.893403 9.685515 10.477627 10.269740 11.061852 10.853964 10.646076 11.438189 11.230301 11.022413 11.814525 11.606638 12.398750 12.190862 11.982975 12.775087 12.567199 12.359311 13.151424 12.943536 12.735648 13.527760 13.319873 14.111985 13.904097 13.696209 14.488322 14.280434 14.072546 14.864659 14.656771 14.448883 15.240995 15.033108 15.825220 15.617332 15.409444 16.201557 15.993669 15.785781 16.577894 16.370006 17.162118 16.954230 16.746343 17.538455 17.330567 17.122679 17.914792 17.706904 17.499016 18.291128 18.083241 18.875353 18.667465 18.459578 19.251690 19.043802 18.835914 19.628027 19.420139 
0.160868 0.963403 0.765938 1.568472 1.371007 1.173542 1.976076 1.778611 1.581146 2.383681 2.186215 1.988750 2.791285 2.593819 3.396354 3.198889 3.001424 3.803958 3.606493 3.409028 4.211563 4.014097 3.816632 4.619167 4.421701 4.224236 5.026771 4.829306 5.631840 5.434375 5.236910 6.039444 5.841979 5.644514 6.447049 6.249583 6.052118 6.854653 6.657188 6.459722 7.262257 7.064792 7.867326 7.669861 7.472396 8.274931 8.077465 7.880000 8.682535 8.485069 8.287604 9.090139 8.892674 8.695208 9.497743 9.300278 10.102812 9.905347 9.707882 10.510417 10.312951 10.115486 10.918021 10.720556 10.523090 11.325625 11.128160 11.930694 11.733229 11.535764 12.338299 12.140833 11.943368 12.745903 12.548437 12.350972 13.153507 12.956042 12.758576 13.561111 13.363646 14.166181 13.968715 13.771250 14.573785 14.376319 14.178854 14.981389 14.783924 14.586458 15.388993 15.191528 14.994063 15.796597 15.599132 16.401667 16.204201 16.006736 16.809271 16.611806 16.414340 17.216875 17.019410 16.821944 17.624479 17.427014 17.229549 18.032083 17.834618 18.637153 18.439688 18.242222 19.044757 18.847292 18.649826 19.452361 19.254896 19.057431 19.859965 19.662500 
71.000000 72.000000 73.000000 74.000000 75.000000 76.000000 77.000000 
0.002083 0.004167 0.006250 0.008333 0.010417 0.012500 0.014583 0.016667 0.018750 0.020833 0.022917 0.025000 0.027083 0.029167 0.031250 0.033333 0.035417 0.037500 0.039583 0.041667 0.043750 0.045833 0.047917 0.050000 0.052083 0.054167 0.056250 0.058333 0.060417 0.062500 0.064583 0.066667 0.068750 0.070833 0.072917 0.075000 0.077083 0.079167 0.081250 0.083333 0.085417 0.087500 0.089583 0.091667 0.093750 0.095833 0.097917 0.100000 0.102083 0.104167 0.106250 0.108333 0.110417 0.112500 0.114583 0.116667 0.118750 0.120833 0.122917 0.125000 0.127083 0.129167 0.131250 0.133333 0.135417 0.137500 0.139583 0.141667 0.143750 0.145833 0.147917 0.150000 0.152083 0.154167 0.156250 0.158333 0.160417 0.162500 0.164583 0.166667 0.168750 0.170833 0.172917 0.175000 0.177083 0.179167 0.181250 0.183333 0.185417 0.187500 0.189583 0.191667 0.193750 0.195833 0.197917 0.200000 0.202083 0.204167 0.206250 0.208333 0.210417 0.212500 0.214583 0.216667 0.218750 0.220833 0.222917 0.225000 0.227083 0.229167 0.231250 0.233333 0.235417 0.237500 0.239583 0.241667 0.243750 0.245833 0.247917 0.250000 
0.300000 0.304167 0.308333 0.312500 0.316667 0.320833 0.325000 
0.001389 0.002778 0.004167 0.005556 0.006944 0.008333 0.009722 0.011111 0.012500 0.013889 0.015278 0.016667 0.018056 0.019444 0.020833 0.022222 0.023611 0.025000 0.026389 0.027778 0.029167 0.030556 0.031944 0.033333 0.034722 0.036111 0.037500 0.038889 0.040278 0.041667 0.043056 0.044444 0.045833 0.047222 0.048611 0.050000 0.051389 0.052778 0.054167 0.055556 0.056944 0.058333 0.059722 0.061111 0.062500 0.063889 0.065278 0.066667 0.068056 0.069444 0.070833 0.072222 0.073611 0.075000 0.076389 0.077778 0.079167 0.080556 0.081944 0.083333 0.084722 0.086111 0.087500 0.088889 0.090278 0.091667 0.093056 0.094444 0.095833 0.097222 0.098611 0.100000 0.101389 0.102778 0.104167 0.105556 0.106944 0.108333 0.109722 0.111111 0.112500 0.113889 0.115278 0.116667 0.118056 0.119444 0.120833 0.122222 0.123611 0.125000 0.126389 0.127778 0.129167 0.130556 0.131944 0.133333 0.134722 0.136111 0.137500 0.138889 0.140278 0.141667 0.143056 0.144444 0.145833 0.147222 0.148611 0.150000 0.151389 0.152778 0.154167 0.155556 0.156944 0.158333 0.159722 0.161111 0.162500 0.163889 0.165278 0.166667 
0.000000 0.000000 0.000000 0.000000 0.000000 0.000000 0.000000 
1.505041 9.009665 9.726789 10.943913 12.286037 13.678161 15.095285 16.701159 17.967033 19.632907 20.863781 22.799655 23.773029 25.675152 27.134776 28.149400 29.914024 31.503648 32.998272 34.716646 35.460020 37.618394 39.181768 40.665142 41.316016 43.570640 45.157764 46.644888 48.077012 49.669136 50.106260 52.792134 53.968008 55.663882 57.114756 58.585630 59.804004 61.796128 63.165752 64.540376 64.765000 67.894624 69.119248 70.807622 72.170996 73.244370 75.212744 76.786118 77.406992 79.811616 80.948740 82.675864 84.197988 85.760112 87.097236 88.628110 89.998984 91.664858 93.145732 94.501606 94.094980 98.187104 99.466728 100.871352 102.155976 103.755600 105.210224 106.928598 108.261972 109.860346 111.053720 112.877094 113.527968 115.902592 117.399716 118.376840 120.288964 121.881088 123.188212 124.794086 124.949960 127.995834 129.446708 130.892582 132.045956 133.798080 135.497704 136.872328 138.186952 139.896576 140.371200 143.019573 144.382947 145.891321 147.454695 148.813069 149.618943 152.023567 153.430691 154.917815 155.779939 157.972063 159.309187 161.185061 162.240935 163.471809 165.477683 167.013557 168.076931 169.889055 171.138679 172.903303 174.187927 175.987551 177.212175 178.705549 180.173923 181.592297 182.885671 183.679045 
0.075000 0.076042 0.077083 0.078125 0.079167 0.080208 0.081250 
0.000926 0.001852 0.002778 0.003704 0.004630 0.005556 0.006481 0.007407 0.008333 0.009259 0.010185 0.011111 0.012037 0.012963 0.013889 0.014815 0.015741 0.016667 0.017593 0.018519 0.019444 0.020370 0.021296 0.022222 0.023148 0.024074 0.025000 0.025926 0.026852 0.027778 0.028704 0.029630 0.030556 0.031481 0.032407 0.033333 0.034259 0.035185 0.036111 0.037037 0.037963 0.038889 0.039815 0.040741 0.041667 0.042593 0.043519 0.044444 0.045370 0.046296 0.047222 0.048148 0.049074 0.050000 0.050926 0.051852 0.052778 0.053704 0.054630 0.055556 0.056481 0.057407 0.058333 0.059259 0.060185 0.061111 0.062037 0.062963 0.063889 0.064815 0.065741 0.066667 0.067593 0.068519 0.069444 0.070370 0.071296 0.072222 0.073148 0.074074 0.075000 0.075926 0.076852 0.077778 0.078704 0.079630 0.080556 0.081481 0.082407 0.083333 0.084259 0.085185 0.086111 0.087037 0.087963 0.088889 0.089815 0.090741 0.091667 0.092593 0.093519 0.094444 0.095370 0.096296 0.097222 0.098148 0.099074 0.100000 0.100926 0.101852 0.102778 0.103704 0.104630 0.105556 0.106481 0.107407 0.108333 0.109259 0.110185 0.111111 
